106 7 2
-0.9734661647384468 -0.6213961029623527 -1.0162338809201006 -1.0505257817138858 -0.9584152436143896 0.3334536198023677 -0.7880327878904637
0.312309254764018 0.1547198044123807 0.2580194978659537 -0.4919102284239875 -0.3804796265503192 0.296735184587148 0.3073289600175051
-1.5560011507171148 -0.796022182121668 -1.4849247788643964 -0.7687017187928561 -0.8337624634633155 -0.7818688498599319 -1.4675627611296669
-1.1099158010938106 -2.35795544571332 -1.514217959985915 -0.7687017187928561 -0.7941002152334283 -2.4938658917695524 -1.4726338803329442
-0.8527607171933176 0.5912850023106689 -0.6158937389260147 -0.4919102284239875 -0.5844569031611675 0.365582250615685 -0.6815392846216335
-1.4825282696026882 -2.527730800451543 -1.7485634089580628 0.6253208781558086 -0.1651702790166459 -2.291914498085844 -1.655194171650939
-1.6242259688947964 -2.440417760871885 -1.8071497712011 -0.9096137502533708 -0.8960888535388524 -2.333222737702966 -1.741403198106659
-0.181008661289989 -0.1023685899054995 -0.2448467780534471 0.5548648624255512 0.4580936217387238 0.3059147933909529 -0.1135739338545385
-1.0889235493468314 -0.1023685899054995 -0.9820585029449956 -0.8391577345231134 -0.8337624634633155 -1.048077505170275 -1.1683667281362864
-1.461536017855709 -2.0960163269743477 -1.6558016687399209 -0.4214542126937302 -0.6581153641595294 -2.076193691196428 -1.6044829796181628
-1.786915919933884 -0.45162074822413 -1.6020975033504703 1.88346401619612 0.1521277068224514 -0.4605825417267594 -1.599411860414885
-1.718691101756202 -1.7516148930768092 -1.7485634089580628 -0.7032782756147599 -0.8167643570790781 -2.5122251093771624 -1.822541105359101
3.156759366479675 0.4166589231513537 2.8553482239739267 -0.9096137502533708 -0.6921115769280042 0.925538387647786 3.1674401906660905
-1.0206987311691498 -2.008703287394689 -1.3823986449390815 -1.0505257817138858 -0.9584152436143896 -2.4204290213391126 -1.406709330690335
-2.0913035702650795 -2.183329366554005 -2.026848629612489 -1.0505257817138858 -0.9584152436143896 -1.1720022240216417 -1.903679012611543
-0.181008661289989 0.5039719627310113 -0.0349123133492313 -0.8391577345231134 -0.7714360733877784 0.1544512481281713 -0.1592140066840373
-1.1099158010938106 -1.3150496951785215 -1.2798725110137672 -0.7687017187928561 -0.7941002152334283 -1.626392859809986 -1.3002158274215048
-0.1075357801755623 0.2420328439920384 -0.0642054944707496 0.3485293877869402 0.3051106642805876 0.048885746884415 -0.1287872914643714
-1.1099158010938106 -2.2706424061336627 -1.4946891725715694 -1.0505257817138858 -0.9584152436143896 -1.8512932755032068 -1.3458559002510035
-0.5273808151151428 -1.4896757743378364 -0.9430009281163044 -0.2805421812332154 -0.3634815201660819 -1.213310463638764 -0.8083172647035742
-1.5769934024640937 -0.3643077086444724 -1.4263384166213595 -0.8391577345231134 -0.8677586762317903 -0.029140927947927 -1.3712114962673916
-0.0393109619978805 1.0229994757878649 0.2726660884267127 0.4894414192474549 0.4637596572001363 1.1274897813314948 0.266760006391284
0.6376891568421929 0.4166589231513537 0.648595246152867 1.953920031926377 2.45820413961732 0.3472230330080751 0.6065249930108855
-0.1547683466062652 0.4166589231513537 -0.0446767070564039 -0.2805421812332154 -0.2728249527834826 0.03970613808061 -0.1693562450905923
0.2650766883333152 -0.5389337878037876 -0.0544411007635767 -0.3509981969634727 -0.2444947754764203 -0.1714248644069036 0.1044841918863998
-1.0416909829161287 1.1103125153675222 -0.6598335106082922 -0.0037506908643469 -0.3181532364747822 0.3150944021947578 -0.853957337533073
0.2178441219026124 0.5039719627310113 0.3166058601089905 -0.562366244154245 -0.465470158471506 0.5904826663089062 0.3276134368306156
0.0761464226105039 0.1547198044123807 0.062731623722497 -0.9096137502533708 -0.8224303925404906 0.2462473361662208 0.0892708342765669
0.1233789890412067 1.1103125153675222 0.4581895688629966 0.6957768938860659 0.7470614302707589 0.8153830820021268 0.3174711984240604
-0.5063885633681637 -0.9706482612809832 -0.7672418413871934 -0.7032782756147599 -0.6864455414665916 -0.3550170404830025 -0.5699746621495254
-0.1337760948592861 1.5420269888447178 0.3654278286448547 0.2780733720566828 0.2314522032822256 0.69145836315076 0.0436307614470682
1.1992318910738815 0.3293458835716961 1.097757356682817 -0.6328222598845025 -0.4088098038573814 0.2324779229605133 1.0426412444927615
-0.5273808151151428 0.7610603570488916 -0.2692577623213792 -0.0037506908643469 -0.1481721726324087 0.8245626908059317 -0.2809208675627003
0.2178441219026124 -0.1896816294851571 0.0432028363081513 -0.3509981969634727 -0.2558268463992452 0.4160700990366122 0.266760006391284
-0.0130706473141567 -1.0579613008606406 -0.4547812427576628 2.0243760476566344 1.908598699860312 -1.4244414661262774 -0.5141923509134714
-0.6690785144072511 0.8483733966285493 -0.3766660931002801 0.4189854035171975 0.1124654585925642 0.4665579474575394 -0.4939078741003608
-0.6008536962295694 0.8483733966285493 -0.3083153371500706 0.9071449410768384 0.5090879408914359 -1.048077505170275 -0.8184595031101296
0.7321542897035985 0.2420328439920384 0.6534774430064534 -0.7687017187928561 -0.6297851868524672 0.943897605255396 0.9260055028173768
-0.4119234305067581 1.2800878701057448 -0.0007369353741264 -0.0037506908643469 -0.1085099244025215 0.4068904902328073 -0.285991986765978
0.2178441219026124 0.5912850023106689 0.345899041230509 -1.0505257817138858 -0.9584152436143896 0.700637971954565 0.3631112712535591
-0.1075357801755623 -0.45162074822413 -0.3083153371500706 -0.1396301497727005 -0.1368401017095838 -0.4697621505305643 -0.285991986765978
-1.346078633247325 -0.45162074822413 -1.2603437235994217 2.512535585216275 0.8830462813446578 1.200926651761934 -0.9604508408019032
0.6376891568421929 0.5912850023106689 0.7267103958102492 0.7662329096163233 1.1040216643397434 0.6409705147298329 0.7231607346862712
0.8266194225650042 -0.3643077086444724 0.4533073720094102 -0.7032782756147599 -0.5391286194698679 0.37476185941949 0.7840141651256028
0.2860689400802942 1.2800878701057448 0.6876528209815583 -0.2100861655029579 -0.0971778534796966 0.7235869939640773 0.434106940099446
-0.3646908640760553 -0.1023685899054995 -0.3961948805146258 -0.2805421812332154 -0.3238192719361947 -0.0107817103403171 -0.3620587748151425
0.0551541708635248 0.3293458835716961 0.1066713954047747 -0.562366244154245 -0.4938003357785682 0.4068904902328073 0.1196975494962327
0.2860689400802942 1.1103125153675222 0.6144198681777621 -0.562366244154245 -0.4541380875486811 0.7648952335811996 0.449320297709279
-1.7659236681869048 0.3293458835716961 -1.470278188303637 2.094832063386892 0.2541163451278755 0.6593297323374427 -1.4472782843165564
-0.2492334794676708 -0.796022182121668 -0.5280141955614591 -0.7687017187928561 -0.7204417542350663 -0.185194277612611 -0.3164187019856438
0.0761464226105039 0.2420328439920384 0.0920248048440155 -1.0505257817138858 -0.9584152436143896 1.0081548668820306 0.3377556752371709
0.4277666393724025 0.8483733966285493 0.6437130492992806 -0.7687017187928561 -0.6581153641595294 0.7327666027678823 0.5659560393846644
0.2178441219026124 0.4166589231513537 0.2824304821338856 0.6957768938860659 0.798055749423471 0.0901939865015367 0.1551953839191762
0.0761464226105039 0.673747317469234 0.2531373010123673 -0.6328222598845025 -0.5561267258541053 0.6501501235336378 0.2211199335617852
-0.1075357801755623 -0.796022182121668 -0.4254880616361444 0.4189854035171975 0.3674370543561246 -0.7543300234485171 -0.3722010132216978
-0.8790010318770413 -1.576988813917494 -1.1871107707956252 -0.1396301497727005 -0.3578154847046694 -2.278145084880137 -1.295144708218227
0.9158364924896644 0.3293458835716961 0.853647514003496 0.7662329096163233 1.2626706572592925 1.2835431309961784 1.235343774217312
1.918216513407913 0.5039719627310113 1.825204687867193 0.2076173563264253 0.9737028487272572 0.8153830820021268 1.9605138202860135
-0.8527607171933176 0.3293458835716961 -0.6793622980226379 0.6253208781558086 0.0274749266713773 0.4757375562613444 -0.6561836886052452
1.849991695230231 0.673747317469234 1.864262262695884 0.4189854035171975 1.2626706572592925 0.3242740109985628 1.6461044296828002
-0.202000913036968 0.673747317469234 -0.0007369353741264 -0.0742067065946043 -0.102843888941109 0.0993735953053416 -0.1896407219037028
0.6166969050952138 -0.2769946690648148 0.3263702538161633 -0.7687017187928561 -0.641117257775292 -0.1209370159859764 0.4087513440830579
0.5432240239807872 0.8483733966285493 0.7511213800781813 1.6066725258272514 1.9822571608586737 0.7144073851602724 0.6623073042469395
1.4773792267213537 0.1547198044123807 1.2442232622904097 -0.9800697659836282 -0.8620926407703778 0.8016136687964194 1.5497531648205256
1.1992318910738815 1.0229994757878649 1.4443933332874523 -0.562366244154245 -0.3181532364747822 1.4854945246798872 1.5953932376500235
0.59045659041149 0.5039719627310113 0.6437130492992806 -0.3509981969634727 -0.1765023499394708 0.296735184587148 0.5456715625715538
-0.0130706473141567 1.1103125153675222 0.3263702538161633 -0.4919102284239875 -0.4371399811644437 0.3564026418118801 0.0436307614470682
1.382914093859948 0.1547198044123807 1.1661081126330268 0.3485293877869402 0.9567047423430198 -0.6395849134009552 0.7992275227354357
-0.5273808151151428 0.8483733966285493 -0.2448467780534471 -0.6328222598845025 -0.6354512223138796 0.7740748423850046 -0.2910631059692556
0.4959914575500843 0.2420328439920384 0.4533073720094102 -0.7687017187928561 -0.652449328698117 -0.0704491675650492 0.3326845560338933
0.6166969050952138 0.4166589231513537 0.6290664587385213 -0.3509981969634727 -0.1708363144780584 -0.0429103411536344 0.4391780593027237
0.1496193037249305 -0.45162074822413 -0.1081452661530274 -0.1396301497727005 -0.0631816407112218 0.3564026418118801 0.1856220991388418
0.569464338664511 1.3674009096854025 0.9952312227575022 -0.0742067065946043 0.1294635649768015 0.6593297323374427 0.6673784234502171
0.3595418211947209 -0.1896816294851571 0.1603755607942253 -0.6328222598845025 -0.5164644776242181 0.3059147933909529 0.3478979136437262
0.5432240239807872 -0.45162074822413 0.1994331356229167 -0.1396301497727005 0.0501390685170271 -0.2448617348373432 0.3073289600175051
2.086154527383745 0.5039719627310113 1.9667883966211983 1.7475845572877664 3.483756558132974 0.9163587788439812 2.168429707620397
0.3805340729416996 0.7610603570488916 0.5655978996418979 -0.4919102284239875 -0.3691475556274943 0.7740748423850046 0.5355293241649985
1.1729915763901575 0.3293458835716961 1.0733463724148848 0.2780733720566828 0.7753916075778211 0.5078661870746617 1.1440636285583146
-0.9472258500547232 0.9356864362082068 -0.6110115420724282 1.7475845572877664 -0.777102108849191 0.6501501235336378 -0.701823761434744
1.4983714784683329 -0.45162074822413 0.9366448605144652 -1.0505257817138858 -0.9584152436143896 0.8521015172173465 1.5953932376500235
0.1706115554719095 0.7610603570488916 0.3703100254984411 0.6253208781558086 0.7017331465794592 0.9071791700401762 0.3884668672699473
0.9893093736040912 0.9356864362082068 1.2051656874617185 2.094832063386892 2.962481295683028 1.0770019329105678 1.2201304166074791
-0.9734661647384468 0.4166589231513537 -0.762359644533607 3.9820467704473583 2.231562721160821 -0.6808931530180775 -1.006090913631402
-0.926233598307744 -1.2277366555988638 -1.1334066054061749 1.395304478636479 0.4014332671245992 -1.4657497057433997 -1.143011132119898
1.125759009959455 1.19762555494718 1.4639221207017978 -0.7032782756147599 -0.5051324067013931 0.7924340599926144 1.2302726550140344
0.4749992058031053 0.4166589231513537 0.5070115373988608 0.1371613405961678 0.3334408415876499 0.5583540354955888 0.5456715625715538
0.8266194225650042 0.9356864362082068 1.0489353881469528 1.2543924471759642 1.7952779906320628 1.1504388033410071 1.0933524365255385
2.547984065817284 0.673747317469234 2.4989478536621186 -0.7032782756147599 -0.352149449243257 0.4757375562613444 2.340847760531836
-1.9496058709729711 -0.8833352217013256 -1.782738786933168 2.094832063386892 0.0728032103626769 -0.1025777983783665 -1.685620886870605
0.1023867372942277 0.8483733966285493 0.3410168443769226 -0.4919102284239875 -0.4144758393187939 0.530815209084174 0.2008354567486747
0.6586814085891719 0.3293458835716961 0.6290664587385213 -0.2805421812332154 -0.0801797470954592 0.1728104657357812 0.5608849201813868
-0.6690785144072511 -2.35795544571332 -1.2749903141601808 0.2076173563264253 -0.040517498865572 -2.094552908804038 -1.1227266553067876
0.3805340729416996 -0.0150555503258418 0.2482551041587809 -0.0037506908643469 0.1521277068224514 -0.5523786297648083 0.0639152382601787
-0.926233598307744 -0.1023685899054995 -0.8502391878981626 -1.0505257817138858 -0.9584152436143896 -0.1622452556030987 -0.8590284567363506
1.125759009959455 -0.1896816294851571 0.7755323643461134 0.5548648624255512 1.1153537352625682 0.2829657713814406 1.0071434100698184
-0.8527607171933176 0.3293458835716961 -0.6793622980226379 -0.9800697659836282 -0.9130869599230896 0.6088418839165161 -0.6257569733855795
1.0103016253510702 -0.2769946690648148 0.6388308524456942 -0.9096137502533708 -0.7827681443106034 -0.4605825417267594 0.5913116354010526
-0.1337760948592861 -0.45162074822413 -0.3229619277108298 -0.7687017187928561 -0.7091096833122414 -1.1306939844045194 -0.5040501125069161
0.0079216044328223 -0.45162074822413 -0.2155535969319286 1.536216510096994 1.4723139693315528 0.1819900745395861 0.0081329270241247
0.3805340729416996 -0.0150555503258418 0.2482551041587809 -0.6328222598845025 -0.5164644776242181 -0.4697621505305643 0.0943419534798446
1.9916893945223395 0.2420328439920384 1.7275607507954645 2.5829916009465324 4.707620217798064 -0.7956382630656393 1.179561462981258
0.2650766883333152 0.9356864362082068 0.5265403248132066 -0.6328222598845025 -0.527796548547043 1.1183101725276898 0.5659560393846644
-1.5560011507171148 -3.308697432247369 -1.9194402988335872 -1.0505257817138858 -0.9584152436143896 -3.104309877222581 -1.8174699861558232
0.0551541708635248 0.9356864362082068 0.3263702538161633 0.4894414192474549 0.5090879408914359 1.0907713461162751 0.3428267944404486
0.1496193037249305 0.5912850023106689 0.287312678987472 -0.7687017187928561 -0.6864455414665916 0.7327666027678823 0.3124000792207828
0.3333015065109971 1.1103125153675222 0.6632418367136262 -0.2100861655029579 -0.0858457825568716 1.168798020948617 0.6318805890272737
