345 6 2
-1.161601286094685 1.2079232596337384 0.7490348825075619 0.2344821796153861 -0.1858287838136138 -1.0366271708469734
-1.161601286094685 -0.3203725737731914 1.4675728134929689 0.7319997193897293 -0.3899224739551077 -1.0366271708469734
-0.9364594637898164 -0.8661925142756663 0.1331452273772131 -0.8600564078881687 0.4009405753431813 -1.0366271708469734
0.189249647734526 0.4437753429302735 0.1844693653047422 -0.0640283442492197 -0.0582702274751801 -1.0366271708469734
1.7652424038686054 -0.8116105202254189 -0.8933375311733681 -0.7605528999333001 -0.5429927415612282 -1.0366271708469734
-0.4861758191800795 -0.4295365618736864 -0.5340685656806646 -0.7605528999333001 -0.7470864317027222 -0.8866119133208804
-0.4861758191800795 -0.1566265916224489 -0.4827444277531356 -1.3575739476625115 -0.6960630091673486 -0.8866119133208804
0.4143914700393944 -0.8661925142756663 -0.4314202898256065 -0.4620423760686942 -0.7981098542380957 -0.8866119133208804
-0.0358921745703425 -0.5387005499741814 -0.2774478760430193 -0.5615458840235629 -0.8491332767734692 -0.8866119133208804
-0.261033996875211 -0.9753565023761612 -0.8933375311733681 -0.0640283442492197 -0.5940161640966017 -0.8866119133208804
-1.8370267530092903 -0.4295365618736864 -0.6880409794632518 -0.7605528999333001 -0.5940161640966017 -0.8866119133208804
-0.9364594637898164 0.389193348880026 -0.2774478760430193 -0.5615458840235629 -0.5174810302935415 -0.8866119133208804
1.3149587592588683 -0.1566265916224489 -0.072151324332903 -0.4620423760686942 -0.6960630091673486 -0.8866119133208804
0.189249647734526 0.4437753429302735 -0.5340685656806646 0.6324962114348607 -0.5174810302935415 -0.8866119133208804
-0.261033996875211 -0.1566265916224489 -0.3800961518980774 -0.8600564078881687 -0.7215747204350355 -0.8866119133208804
-0.261033996875211 0.498357336980521 -0.6880409794632518 -0.7605528999333001 -0.5685044528289149 -0.8866119133208804
0.189249647734526 2.026653170387451 -0.5340685656806646 -0.4620423760686942 0.4519639978785547 -0.8866119133208804
0.8646751146491315 2.517891116839678 -0.9959858070284262 0.8315032273445979 -0.6960630091673486 -0.8866119133208804
0.4143914700393944 -0.5932825440244289 0.2357935032322712 -1.1585669317527745 -0.4919693190258547 -0.8866119133208804
0.6395332923442629 -2.5582343298333385 0.2357935032322712 -0.4620423760686942 -0.466457607758168 -0.8866119133208804
0.4143914700393944 0.0071193905282935 -0.3287720139705484 -1.1585669317527745 -0.3133873401520475 -0.8866119133208804
-0.0358921745703425 -1.2482664726273989 -0.1234754622604321 -0.9595599158430372 -0.5174810302935415 -0.8866119133208804
-0.4861758191800795 -0.2112085856726964 -0.5340685656806646 -0.3625388681138256 -0.7215747204350355 -0.8866119133208804
0.189249647734526 1.7537432001362132 -0.6880409794632518 -1.1585669317527745 -0.4919693190258547 -0.8866119133208804
-0.711317641484948 -1.5757584369288835 0.030496951522155 -0.5615458840235629 -0.5685044528289149 -0.8866119133208804
-0.9364594637898164 0.498357336980521 -0.1234754622604321 -0.8600564078881687 -0.5429927415612282 -0.8866119133208804
0.6395332923442629 0.389193348880026 0.0818210894496841 -0.6610493919784315 -0.2368522063489873 -0.8866119133208804
-0.4861758191800795 1.4262512358347283 -0.1234754622604321 -0.3625388681138256 0.0437766175955668 -0.8866119133208804
0.8646751146491315 -0.2657905797229439 -0.4314202898256065 -0.6610493919784315 -0.6960630091673486 -0.8866119133208804
0.189249647734526 0.1162833786287885 6.394690054535758 4.314126005765 1.11526849083841 -0.8866119133208804
-1.161601286094685 -0.8661925142756663 0.85168315836262 0.8315032273445979 -0.4154341852227945 -0.8866119133208804
-1.161601286094685 0.825849301282006 -0.2774478760430193 0.1349786716605175 -0.2113404950813005 -0.8866119133208804
-0.261033996875211 -0.3749545678234389 -0.3287720139705484 -0.4620423760686942 -0.0072468049398066 -0.8866119133208804
-1.3867431083995534 1.2079232596337384 1.9294900548407303 1.2295172591640724 0.1458234626663138 -0.8866119133208804
-0.261033996875211 -0.1020445975722014 -0.2261237381154902 1.4285242750738096 0.0948000401309403 -0.8866119133208804
-0.261033996875211 1.6991612060859658 -0.6367168415357227 0.0354751637056489 -0.6450395866319752 -0.8866119133208804
-0.9364594637898164 0.7712673072317584 -0.6367168415357227 -1.059063423797906 -0.5685044528289149 -0.8866119133208804
-1.161601286094685 -0.2657905797229439 -0.2774478760430193 -1.059063423797906 -0.5174810302935415 -0.8866119133208804
-0.4861758191800795 -0.4841185559239339 -0.5853927036081937 -0.3625388681138256 -0.6450395866319752 -0.8866119133208804
0.4143914700393944 -0.7570285261751714 -0.842013393245839 -0.8600564078881687 -0.7215747204350355 -0.8866119133208804
1.089816936954 -1.0845204904766563 -0.072151324332903 0.0354751637056489 0.2988937302724343 -0.8866119133208804
0.189249647734526 0.280029360779531 -0.3287720139705484 -0.2630353601589569 -0.6960630091673486 -0.8866119133208804
-0.261033996875211 0.2254473667292835 -0.5853927036081937 -0.1635318522040883 -0.5685044528289149 -0.8866119133208804
-1.161601286094685 -0.3203725737731914 -0.3287720139705484 -0.2630353601589569 -0.6960630091673486 -0.8866119133208804
0.4143914700393944 -0.7024465321249239 1.724193503130614 1.1300137512092037 1.319362180979904 -0.8866119133208804
0.8646751146491315 -1.1936844785771512 -0.9959858070284262 -0.1635318522040883 0.1203117513986271 -0.8866119133208804
-0.711317641484948 -0.9753565023761612 -0.4827444277531356 -0.5615458840235629 -0.2113404950813005 -0.8866119133208804
-1.161601286094685 -0.2657905797229439 -0.3800961518980774 0.4334891955251234 -0.5940161640966017 -0.8866119133208804
-1.3867431083995534 0.6621033191312634 -0.4827444277531356 -0.3625388681138256 -0.4919693190258547 -0.8866119133208804
-0.4861758191800795 -1.1391024845269038 -0.5340685656806646 -0.2630353601589569 -0.4919693190258547 -0.8866119133208804
1.3149587592588683 -0.1566265916224489 -0.2261237381154902 0.1349786716605175 -0.0582702274751801 -0.8866119133208804
-0.0358921745703425 -0.3749545678234389 -0.3287720139705484 -0.0640283442492197 -0.364410762687421 -0.8866119133208804
-0.0358921745703425 -1.3574304607278938 0.1331452273772131 0.9310067352994664 -0.2878756288843608 -0.8866119133208804
-0.0358921745703425 0.1162833786287885 -0.842013393245839 -0.9595599158430372 -0.5174810302935415 -0.8866119133208804
0.189249647734526 -0.8116105202254189 -1.3552547725211297 -1.6560844715271177 -0.6450395866319752 -0.8866119133208804
0.189249647734526 -0.9753565023761612 -0.7906892553183099 -0.2630353601589569 -0.6960630091673486 -0.8866119133208804
-0.711317641484948 0.061701384578541 0.0818210894496841 -0.5615458840235629 -0.2878756288843608 -0.7365966557947873
-0.261033996875211 0.389193348880026 -0.2261237381154902 -0.4620423760686942 -0.4919693190258547 -0.7365966557947873
-0.261033996875211 -0.1566265916224489 -1.3039306345936006 -0.7605528999333001 -0.6195278753642884 -0.7365966557947873
-1.161601286094685 -1.029938496426409 -0.2261237381154902 -0.0640283442492197 -0.3899224739551077 -0.7365966557947873
2.890951515392948 0.280029360779531 -0.5853927036081937 0.5329927034799921 -0.6450395866319752 -0.7365966557947873
-0.0358921745703425 -0.3749545678234389 -0.7393651173907809 -0.3625388681138256 -0.6195278753642884 -0.7365966557947873
-0.0358921745703425 -0.3749545678234389 -0.072151324332903 -0.1635318522040883 0.4774757091462415 -0.4365661407426012
-0.0358921745703425 -0.1566265916224489 0.2357935032322712 -0.5615458840235629 -0.0837819387428668 -0.4365661407426012
-0.711317641484948 -0.2112085856726964 -0.1747996001879612 -0.2630353601589569 -0.7470864317027222 -0.4365661407426012
-0.0358921745703425 0.170865372679036 0.1844693653047422 -0.3625388681138256 -0.4154341852227945 -0.4365661407426012
-0.9364594637898164 -0.8661925142756663 -0.5340685656806646 -0.3625388681138256 -0.5685044528289149 -0.4365661407426012
-0.0358921745703425 0.5529393310307684 -0.5853927036081937 -1.059063423797906 0.0948000401309403 -0.4365661407426012
-0.711317641484948 1.0987592715332437 0.6463866066525038 0.3339856875702547 3.003135124647229 -0.4365661407426012
1.3149587592588683 0.1162833786287885 -0.1234754622604321 -0.5615458840235629 -0.2113404950813005 -0.4365661407426012
0.189249647734526 -0.8116105202254189 -1.0986340828834844 0.0354751637056489 -0.5685044528289149 -0.4365661407426012
1.089816936954 0.4437753429302735 -0.1747996001879612 0.0354751637056489 -0.2113404950813005 -0.4365661407426012
0.4143914700393944 1.6991612060859658 0.1844693653047422 0.5329927034799921 0.6560576880200487 -0.4365661407426012
-0.261033996875211 -1.029938496426409 0.5437383307974456 -0.2630353601589569 0.2478703077370608 -0.4365661407426012
0.189249647734526 1.589997217985471 0.5950624687249747 0.8315032273445979 -0.5685044528289149 -0.4365661407426012
0.8646751146491315 -0.6478645380746764 -0.4827444277531356 -0.6610493919784315 -0.3133873401520475 -0.4365661407426012
0.8646751146491315 -0.6478645380746764 -0.4827444277531356 -0.6610493919784315 -0.3133873401520475 -0.4365661407426012
-0.4861758191800795 -1.2482664726273989 0.1331452273772131 0.1349786716605175 -0.2368522063489873 -0.4365661407426012
0.4143914700393944 -0.2657905797229439 -0.6880409794632518 0.0354751637056489 -0.7470864317027222 -0.4365661407426012
0.4143914700393944 0.498357336980521 -0.4314202898256065 -0.4620423760686942 -0.6960630091673486 -0.136535625690415
-0.4861758191800795 -0.1020445975722014 -0.1747996001879612 -0.3625388681138256 -0.3133873401520475 -0.136535625690415
-0.9364594637898164 -1.1936844785771512 -0.5340685656806646 -0.4620423760686942 -0.8236215655057824 -0.136535625690415
-0.4861758191800795 -0.2112085856726964 -0.3800961518980774 -1.2580704397076432 -0.5940161640966017 -0.136535625690415
-0.261033996875211 -0.4295365618736864 0.5950624687249747 0.5329927034799921 -0.466457607758168 -0.136535625690415
-0.0358921745703425 -1.029938496426409 -0.3800961518980774 -0.7605528999333001 -0.2878756288843608 -0.136535625690415
-2.0621685753141588 -0.4841185559239339 0.0818210894496841 1.2295172591640724 0.3754288640754945 -0.136535625690415
-0.261033996875211 1.0441772774829958 -0.3800961518980774 -0.6610493919784315 1.6765261387275183 -0.136535625690415
-0.261033996875211 -0.2657905797229439 -0.2261237381154902 -0.6610493919784315 -0.0582702274751801 -0.136535625690415
-1.161601286094685 -0.5932825440244289 -0.2774478760430193 -0.4620423760686942 -0.3388990514197343 -0.136535625690415
0.4143914700393944 -0.4841185559239339 -0.6367168415357227 -1.1585669317527745 1.0897567795707233 -0.136535625690415
-0.261033996875211 -0.3749545678234389 -0.4314202898256065 0.2344821796153861 -0.7215747204350355 0.163494889361771
-0.0358921745703425 0.7712673072317584 -0.6367168415357227 -0.1635318522040883 -0.6450395866319752 0.163494889361771
-0.4861758191800795 1.371669241784481 -0.2774478760430193 -0.5615458840235629 -0.6195278753642884 0.163494889361771
-0.261033996875211 -1.9032504012303688 -0.1747996001879612 0.4334891955251234 -0.5429927415612282 0.163494889361771
0.189249647734526 0.5529393310307684 0.3384417790873294 -0.1635318522040883 -0.2878756288843608 0.163494889361771
0.189249647734526 2.1358171584879457 0.1331452273772131 -0.9595599158430372 -0.5174810302935415 0.163494889361771
0.189249647734526 -0.2657905797229439 -0.6880409794632518 -1.9545949953917237 -0.7981098542380957 0.163494889361771
-0.4861758191800795 2.026653170387451 -0.072151324332903 -0.4620423760686942 0.2988937302724343 0.163494889361771
-0.711317641484948 0.3346113548297785 -0.4314202898256065 3.020580402351708 -0.7470864317027222 0.163494889361771
-0.711317641484948 0.8804312953322534 -0.1234754622604321 -0.1635318522040883 -0.4409458964904812 0.163494889361771
-0.711317641484948 -1.5211764428786363 -0.2261237381154902 -0.1635318522040883 -0.5429927415612282 0.163494889361771
-0.4861758191800795 0.5529393310307684 -0.3287720139705484 0.0354751637056489 -0.5429927415612282 0.163494889361771
-0.9364594637898164 -0.1566265916224489 -0.9959858070284262 -0.9595599158430372 -0.772598142970409 0.163494889361771
0.4143914700393944 -1.6303404309791312 -0.5853927036081937 -0.4620423760686942 -0.4409458964904812 0.163494889361771
-1.161601286094685 -0.5387005499741814 -0.6880409794632518 -0.3625388681138256 -0.6195278753642884 0.163494889361771
0.189249647734526 -0.7024465321249239 -0.7906892553183099 -0.8600564078881687 -0.5685044528289149 0.163494889361771
1.3149587592588683 -0.8116105202254189 0.9030072962901492 1.4285242750738096 0.0948000401309403 0.163494889361771
-2.512452219923896 1.6991612060859658 -0.6880409794632518 0.2344821796153861 -0.3899224739551077 0.163494889361771
-0.0358921745703425 3.500367009744133 -0.842013393245839 -0.4620423760686942 -0.6195278753642884 0.163494889361771
-0.261033996875211 0.3346113548297785 -0.842013393245839 -0.3625388681138256 -0.364410762687421 0.163494889361771
-0.4861758191800795 1.2625052536839858 -0.072151324332903 0.2344821796153861 -0.1858287838136138 0.163494889361771
0.4143914700393944 0.170865372679036 -0.3287720139705484 -0.3625388681138256 0.2478703077370608 0.163494889361771
0.189249647734526 -0.8116105202254189 -0.1234754622604321 0.3339856875702547 1.11526849083841 0.163494889361771
-1.611884930704422 -1.3574304607278938 -0.5853927036081937 -0.3625388681138256 -0.6450395866319752 0.163494889361771
-0.0358921745703425 0.2254473667292835 -0.5853927036081937 -1.059063423797906 -0.4154341852227945 0.163494889361771
0.4143914700393944 -0.2112085856726964 -0.4827444277531356 -0.8600564078881687 -0.1348053612782403 0.4635254044139571
0.6395332923442629 -0.3749545678234389 -0.2261237381154902 -0.6610493919784315 -0.5174810302935415 0.4635254044139571
-0.9364594637898164 0.4437753429302735 0.85168315836262 1.4285242750738096 1.7530612725305788 0.4635254044139571
1.540100581563737 -1.4120124547781412 4.239076261579537 2.0255453228030214 2.8500648570411085 0.4635254044139571
-0.711317641484948 -0.5932825440244289 -0.7906892553183099 -0.5615458840235629 -0.670551297899662 0.4635254044139571
-0.9364594637898164 -1.4120124547781412 -0.4827444277531356 -1.3575739476625115 -0.5940161640966017 0.4635254044139571
-0.711317641484948 -0.3203725737731914 -0.7393651173907809 -0.4620423760686942 -0.364410762687421 0.4635254044139571
0.4143914700393944 -0.7024465321249239 -0.4827444277531356 -0.1635318522040883 -0.4154341852227945 0.4635254044139571
-0.0358921745703425 0.0071193905282935 -0.2774478760430193 -0.1635318522040883 1.8806198288690124 0.4635254044139571
1.9903842261734737 -0.5932825440244289 -0.6880409794632518 -0.5615458840235629 -0.6960630091673486 0.4635254044139571
0.4143914700393944 0.5529393310307684 -1.0473099449559553 0.1349786716605175 -0.466457607758168 0.7635559194661432
1.089816936954 -0.5387005499741814 -0.2261237381154902 -0.2630353601589569 -0.262363917616674 0.7635559194661432
0.189249647734526 -0.3749545678234389 -0.2774478760430193 0.1349786716605175 -0.5940161640966017 0.7635559194661432
0.4143914700393944 -0.4295365618736864 0.3384417790873294 -0.3625388681138256 -0.0582702274751801 0.7635559194661432
1.089816936954 -1.0845204904766563 -0.8933375311733681 -1.059063423797906 -0.5940161640966017 0.7635559194661432
-0.0358921745703425 0.3346113548297785 0.3384417790873294 -0.5615458840235629 0.2988937302724343 0.7635559194661432
1.3149587592588683 0.0071193905282935 2.0321383306957883 0.1349786716605175 -0.0582702274751801 0.7635559194661432
1.089816936954 -0.4295365618736864 1.724193503130614 1.7270347989384156 0.9621982232322897 0.7635559194661432
-1.8370267530092903 -0.7570285261751714 1.8781659169132008 1.329020767118941 1.3703856035152775 0.7635559194661432
0.4143914700393944 0.6621033191312634 -0.1747996001879612 -0.0640283442492197 -0.0327585162074933 0.7635559194661432
-0.4861758191800795 -1.7940864131298735 -1.0986340828834844 -0.9595599158430372 -0.5685044528289149 0.7635559194661432
2.2155260484783423 -0.5387005499741814 -0.072151324332903 -0.1635318522040883 0.9621982232322897 0.7635559194661432
1.7652424038686054 -1.4665944488283889 0.2357935032322712 -0.1635318522040883 0.7836162443584824 0.7635559194661432
0.6395332923442629 1.589997217985471 0.2871176411598004 0.9310067352994664 0.2478703077370608 0.7635559194661432
1.540100581563737 1.2625052536839858 -0.4827444277531356 -0.4620423760686942 0.7581045330907957 0.7635559194661432
0.6395332923442629 -1.0845204904766563 -0.6367168415357227 0.0354751637056489 -0.5429927415612282 0.7635559194661432
-0.0358921745703425 -0.7024465321249239 -0.5340685656806646 0.1349786716605175 -0.1348053612782403 0.7635559194661432
0.4143914700393944 0.3346113548297785 0.030496951522155 0.3339856875702547 0.0692883288632536 0.7635559194661432
-0.4861758191800795 -0.8116105202254189 -0.5853927036081937 -0.7605528999333001 -0.6195278753642884 0.7635559194661432
-0.261033996875211 -0.3749545678234389 -0.3287720139705484 0.4334891955251234 -0.2368522063489873 0.7635559194661432
0.4143914700393944 0.498357336980521 2.0321383306957883 0.7319997193897293 1.1662919133737837 1.0635864345183292
0.4143914700393944 1.2625052536839858 1.4162486755654398 1.0305102432543352 2.0847135190105064 1.0635864345183292
0.6395332923442629 0.7712673072317584 1.4162486755654398 2.224552338712759 0.6050342654846752 1.0635864345183292
1.540100581563737 0.061701384578541 -0.072151324332903 -0.2630353601589569 0.3499171528078078 1.3636169495705155
-1.3867431083995534 1.589997217985471 0.1331452273772131 -0.5615458840235629 -0.3133873401520475 1.3636169495705155
1.3149587592588683 -1.4120124547781412 0.5950624687249747 -0.1635318522040883 0.8856630894292294 1.3636169495705155
-0.0358921745703425 -0.4295365618736864 -0.4314202898256065 -0.3625388681138256 -0.4409458964904812 1.3636169495705155
0.4143914700393944 1.3170872477342332 -0.6367168415357227 -0.7605528999333001 -0.8236215655057824 1.3636169495705155
-0.0358921745703425 -0.1566265916224489 2.391407296188492 1.4285242750738096 1.931643251404386 1.3636169495705155
1.540100581563737 0.061701384578541 -0.072151324332903 -0.2630353601589569 0.3499171528078078 1.3636169495705155
0.189249647734526 -0.0474626035219539 -0.2774478760430193 0.0354751637056489 0.7070811105554222 1.3636169495705155
0.6395332923442629 -0.5932825440244289 -0.6880409794632518 -0.4620423760686942 -0.6195278753642884 1.3636169495705155
0.4143914700393944 1.371669241784481 2.8020003996087244 2.324055846667627 4.125650420425446 1.3636169495705155
-0.0358921745703425 -1.0845204904766563 -0.2261237381154902 -0.2630353601589569 0.3754288640754945 1.3636169495705155
0.189249647734526 -0.4295365618736864 1.4675728134929689 2.224552338712759 0.5540108429493017 1.3636169495705155
0.4143914700393944 1.2625052536839858 -0.4314202898256065 0.3339856875702547 2.1612486528135664 1.6636474646227015
0.4143914700393944 0.389193348880026 2.853324537536253 1.6275312909835469 -0.1858287838136138 1.963677979674888
-0.9364594637898164 -0.2112085856726964 -0.4314202898256065 -0.0640283442492197 -0.3133873401520475 1.963677979674888
1.7652424038686054 -0.7024465321249239 0.030496951522155 0.9310067352994664 0.8856630894292294 1.963677979674888
1.089816936954 0.5529393310307684 1.0056555721452072 3.916111973945525 0.426452286610868 1.963677979674888
0.4143914700393944 2.081235164437698 1.1596279859277945 0.8315032273445979 1.421409026050651 2.56373900977926
1.540100581563737 1.2079232596337384 -0.4314202898256065 0.3339856875702547 0.2733820190047475 2.56373900977926
0.8646751146491315 0.716685313181511 2.596703847898608 0.9310067352994664 4.151162131693133 4.963983130196749
-0.711317641484948 0.280029360779531 -0.2774478760430193 -0.3625388681138256 -0.6195278753642884 -1.0366271708469734
-0.4861758191800795 -0.7570285261751714 -0.3800961518980774 -0.6610493919784315 -0.670551297899662 -1.0366271708469734
-1.3867431083995534 1.4808332298849758 0.5437383307974456 -0.4620423760686942 -0.1603170725459271 -1.0366271708469734
0.8646751146491315 1.153341265583491 -0.1747996001879612 -0.4620423760686942 -0.5940161640966017 -0.8866119133208804
0.4143914700393944 0.825849301282006 -0.2774478760430193 -0.4620423760686942 -0.670551297899662 -0.8866119133208804
-1.8370267530092903 -1.1936844785771512 -0.1747996001879612 -0.9595599158430372 -0.670551297899662 -0.8866119133208804
-0.4861758191800795 0.2254473667292835 0.030496951522155 0.0354751637056489 -0.5940161640966017 -0.8866119133208804
1.089816936954 0.389193348880026 -0.020827186405374 -1.059063423797906 -0.4409458964904812 -0.8866119133208804
-0.4861758191800795 1.3170872477342332 -0.2261237381154902 -0.6610493919784315 -0.772598142970409 -0.8866119133208804
0.189249647734526 0.0071193905282935 -0.5853927036081937 -0.5615458840235629 -0.4154341852227945 -0.8866119133208804
-1.611884930704422 -0.8661925142756663 -0.1747996001879612 -0.9595599158430372 -0.670551297899662 -0.8866119133208804
0.189249647734526 1.917489182286956 0.4924141928699166 0.1349786716605175 0.4519639978785547 -0.8866119133208804
-0.9364594637898164 0.498357336980521 0.3384417790873294 0.3339856875702547 -0.6195278753642884 -0.8866119133208804
0.189249647734526 1.4262512358347283 0.2357935032322712 -0.2630353601589569 2.467389188025808 -0.8866119133208804
-0.261033996875211 0.6621033191312634 -0.3800961518980774 -1.059063423797906 -0.0837819387428668 -0.8866119133208804
-0.0358921745703425 0.170865372679036 -0.3287720139705484 -0.1635318522040883 -0.6960630091673486 -0.8866119133208804
-0.261033996875211 0.6621033191312634 0.1331452273772131 0.7319997193897293 -0.5174810302935415 -0.8866119133208804
-1.161601286094685 0.498357336980521 -0.6880409794632518 -1.6560844715271177 -0.7470864317027222 -0.8866119133208804
-1.161601286094685 2.681637098990421 -0.020827186405374 0.1349786716605175 -0.5429927415612282 -0.8866119133208804
-2.737594042228765 -0.0474626035219539 -0.3287720139705484 -0.6610493919784315 -0.1858287838136138 -0.8866119133208804
-0.4861758191800795 2.026653170387451 0.1844693653047422 -0.3625388681138256 -0.2878756288843608 -0.8866119133208804
-0.261033996875211 2.463309122789431 -0.6880409794632518 0.2344821796153861 -0.7981098542380957 -0.8866119133208804
0.4143914700393944 -0.1566265916224489 -0.3800961518980774 -0.9595599158430372 -0.670551297899662 -0.8866119133208804
0.189249647734526 0.7712673072317584 -0.9959858070284262 -1.2580704397076432 -0.7215747204350355 -0.8866119133208804
0.8646751146491315 1.6991612060859658 0.5437383307974456 -0.4620423760686942 0.3754288640754945 -0.8866119133208804
-0.4861758191800795 -1.3028484666776463 -0.072151324332903 -0.2630353601589569 -0.5174810302935415 -0.8866119133208804
-0.4861758191800795 2.845383081141163 0.2357935032322712 0.4334891955251234 0.0948000401309403 -0.8866119133208804
-1.3867431083995534 0.9895952834327484 -0.1234754622604321 0.0354751637056489 -0.0837819387428668 -0.8866119133208804
-0.0358921745703425 0.498357336980521 -0.6367168415357227 -0.9595599158430372 -0.364410762687421 -0.8866119133208804
-0.711317641484948 -0.0474626035219539 -0.4314202898256065 0.1349786716605175 -0.6960630091673486 -0.8866119133208804
-5.664437732192055 -0.3749545678234389 -0.5853927036081937 -0.4620423760686942 -0.6195278753642884 -0.8866119133208804
-0.0358921745703425 -0.3203725737731914 -0.9446616691008972 -0.7605528999333001 -0.6195278753642884 -0.8866119133208804
-1.161601286094685 -0.6478645380746764 -0.6367168415357227 -0.0640283442492197 -0.5685044528289149 -0.8866119133208804
-0.9364594637898164 0.4437753429302735 1.1083038480002654 0.4334891955251234 0.6050342654846752 -0.8866119133208804
-1.8370267530092903 0.2254473667292835 0.3897659170148584 0.3339856875702547 0.2478703077370608 -0.8866119133208804
-0.9364594637898164 -0.6478645380746764 0.2871176411598004 0.2344821796153861 0.528499131681615 -0.8866119133208804
0.8646751146491315 -0.7570285261751714 -0.020827186405374 -0.6610493919784315 -0.2878756288843608 -0.8866119133208804
-0.711317641484948 -0.7024465321249239 -0.020827186405374 0.5329927034799921 -0.4154341852227945 -0.8866119133208804
1.7652424038686054 0.2254473667292835 6.035421089043055 5.01065056144908 3.0796702584502893 -0.8866119133208804
0.8646751146491315 0.280029360779531 -0.5340685656806646 0.0354751637056489 -0.0072468049398066 -0.8866119133208804
0.6395332923442629 -0.7570285261751714 -0.2774478760430193 -0.3625388681138256 -0.1348053612782403 -0.8866119133208804
2.440667870783211 -0.2657905797229439 -0.6367168415357227 -0.3625388681138256 -0.4154341852227945 -0.8866119133208804
0.4143914700393944 -0.2657905797229439 -0.2774478760430193 -0.4620423760686942 -0.1858287838136138 -0.8866119133208804
0.4143914700393944 -0.6478645380746764 -0.842013393245839 -0.8600564078881687 -0.6450395866319752 -0.8866119133208804
-0.9364594637898164 -0.6478645380746764 -0.7393651173907809 -0.1635318522040883 -0.3899224739551077 -0.8866119133208804
-1.161601286094685 -0.4295365618736864 -0.7906892553183099 -1.1585669317527745 -0.4154341852227945 -0.8866119133208804
-0.9364594637898164 -0.7024465321249239 -0.8933375311733681 -0.4620423760686942 -0.6450395866319752 -0.8866119133208804
-0.9364594637898164 -0.8661925142756663 -0.2261237381154902 0.5329927034799921 -0.6450395866319752 -0.8866119133208804
-2.0621685753141588 -1.5757584369288835 0.1331452273772131 0.2344821796153861 -0.1092936500105535 -0.7365966557947873
0.189249647734526 -0.1566265916224489 0.0818210894496841 0.1349786716605175 -0.6450395866319752 -0.7365966557947873
0.189249647734526 0.5529393310307684 -0.4827444277531356 -0.5615458840235629 -0.6195278753642884 -0.7365966557947873
0.4143914700393944 -0.5387005499741814 -0.3800961518980774 -0.9595599158430372 -0.4919693190258547 -0.7365966557947873
0.189249647734526 -0.5387005499741814 0.0818210894496841 -1.059063423797906 -0.772598142970409 -0.7365966557947873
0.6395332923442629 -0.2657905797229439 -0.1234754622604321 -0.2630353601589569 -0.7215747204350355 -0.7365966557947873
-0.0358921745703425 -0.3749545678234389 0.7490348825075619 -0.0640283442492197 1.1918036246414705 -0.7365966557947873
-0.711317641484948 1.2079232596337384 -0.4827444277531356 -0.2630353601589569 -0.0327585162074933 -0.7365966557947873
1.089816936954 -0.4295365618736864 -0.3287720139705484 -0.1635318522040883 -0.6195278753642884 -0.7365966557947873
0.6395332923442629 -0.5932825440244289 0.5437383307974456 0.5329927034799921 0.2478703077370608 -0.7365966557947873
-1.3867431083995534 0.6621033191312634 0.6463866066525038 0.7319997193897293 -0.0072468049398066 -0.4365661407426012
-0.711317641484948 0.061701384578541 0.1331452273772131 -0.4620423760686942 -0.4154341852227945 -0.4365661407426012
-0.9364594637898164 -0.2112085856726964 -0.1234754622604321 -0.0640283442492197 -0.4409458964904812 -0.4365661407426012
-0.4861758191800795 -0.6478645380746764 0.030496951522155 -0.7605528999333001 -0.5429927415612282 -0.4365661407426012
-0.0358921745703425 -0.4841185559239339 -0.1234754622604321 0.4334891955251234 -0.1858287838136138 -0.4365661407426012
-0.4861758191800795 -0.0474626035219539 2.0321383306957883 -0.0640283442492197 0.6560576880200487 -0.4365661407426012
0.6395332923442629 0.935013289382501 -0.6367168415357227 -0.7605528999333001 -0.3133873401520475 -0.4365661407426012
1.7652424038686054 -0.6478645380746764 0.1331452273772131 -0.3625388681138256 -0.262363917616674 -0.4365661407426012
0.189249647734526 -1.4120124547781412 -0.6367168415357227 -0.6610493919784315 -0.3899224739551077 -0.4365661407426012
-0.711317641484948 0.280029360779531 0.3384417790873294 -0.5615458840235629 0.8091279556261691 -0.4365661407426012
0.8646751146491315 1.153341265583491 -0.020827186405374 0.1349786716605175 -0.3388990514197343 -0.4365661407426012
-0.4861758191800795 0.825849301282006 -0.842013393245839 -0.9595599158430372 -0.7215747204350355 -0.4365661407426012
-0.261033996875211 2.1358171584879457 -0.2261237381154902 0.0354751637056489 -0.2878756288843608 -0.4365661407426012
-0.711317641484948 -0.5932825440244289 0.3384417790873294 0.2344821796153861 -0.1092936500105535 -0.4365661407426012
0.6395332923442629 -0.6478645380746764 -0.5340685656806646 -0.1635318522040883 -0.5174810302935415 -0.4365661407426012
-0.4861758191800795 -0.7024465321249239 -1.0986340828834844 -0.9595599158430372 -0.5685044528289149 -0.4365661407426012
0.8646751146491315 -0.2657905797229439 0.3897659170148584 0.2344821796153861 -0.5429927415612282 -0.136535625690415
0.189249647734526 0.061701384578541 -0.9446616691008972 -0.2630353601589569 -0.6960630091673486 -0.136535625690415
-0.0358921745703425 -0.8116105202254189 -0.5340685656806646 -0.4620423760686942 -0.5685044528289149 -0.136535625690415
0.189249647734526 -0.3203725737731914 -0.4827444277531356 -0.7605528999333001 -0.3133873401520475 -0.136535625690415
-0.4861758191800795 -1.2482664726273989 0.2357935032322712 0.1349786716605175 -0.1348053612782403 -0.136535625690415
-1.161601286094685 -0.6478645380746764 2.699352123753666 2.423559354622496 0.324405441540121 -0.136535625690415
1.7652424038686054 -1.0845204904766563 -0.1747996001879612 0.0354751637056489 0.3754288640754945 0.163494889361771
-0.9364594637898164 -0.4295365618736864 -0.072151324332903 -0.3625388681138256 -0.3133873401520475 0.163494889361771
-1.8370267530092903 -0.1020445975722014 -0.5340685656806646 -0.2630353601589569 -0.7470864317027222 0.163494889361771
-1.611884930704422 0.0071193905282935 -0.6880409794632518 -0.5615458840235629 -0.3899224739551077 0.163494889361771
1.3149587592588683 0.0071193905282935 -0.4827444277531356 0.1349786716605175 -0.4409458964904812 0.163494889361771
0.8646751146491315 2.5724731108899257 2.391407296188492 3.120083910306576 0.3499171528078078 0.163494889361771
0.6395332923442629 -1.3574304607278938 -0.9959858070284262 -1.059063423797906 -0.4409458964904812 0.163494889361771
0.6395332923442629 -1.1391024845269038 -0.1747996001879612 -0.3625388681138256 -0.2368522063489873 0.163494889361771
-1.3867431083995534 0.170865372679036 0.800359020435091 0.7319997193897293 0.0182649063278801 0.163494889361771
0.189249647734526 -0.3749545678234389 -0.6880409794632518 -0.7605528999333001 0.1968468852016873 0.163494889361771
-0.0358921745703425 -0.7024465321249239 0.030496951522155 -0.6610493919784315 -0.0327585162074933 0.163494889361771
-0.711317641484948 -1.3574304607278938 -0.5853927036081937 -1.1585669317527745 -0.5685044528289149 0.163494889361771
0.189249647734526 -0.1020445975722014 -0.842013393245839 -0.4620423760686942 -0.4919693190258547 0.163494889361771
-0.9364594637898164 -0.8116105202254189 -0.072151324332903 1.0305102432543352 1.7785729837982651 0.163494889361771
0.189249647734526 0.8804312953322534 1.1083038480002654 2.224552338712759 0.3499171528078078 0.163494889361771
-0.4861758191800795 -1.3028484666776463 -0.7906892553183099 0.8315032273445979 0.426452286610868 0.163494889361771
-0.261033996875211 0.1162833786287885 0.1331452273772131 0.2344821796153861 0.426452286610868 0.163494889361771
1.089816936954 -0.5932825440244289 -0.3800961518980774 -0.6610493919784315 -0.4919693190258547 0.163494889361771
0.8646751146491315 -1.4665944488283889 6.34336591660823 5.70717511713316 2.110225230278193 0.163494889361771
1.3149587592588683 -0.7570285261751714 0.3897659170148584 0.1349786716605175 -0.3899224739551077 0.4635254044139571
-0.0358921745703425 -0.9753565023761612 -1.0473099449559553 -0.7605528999333001 -0.670551297899662 0.4635254044139571
0.8646751146491315 -1.3574304607278938 -0.5340685656806646 -0.8600564078881687 -0.670551297899662 0.4635254044139571
1.9903842261734737 -1.5211764428786363 -0.842013393245839 -0.3625388681138256 0.2733820190047475 0.4635254044139571
0.6395332923442629 1.7537432001362132 0.85168315836262 -0.1635318522040883 -0.0327585162074933 0.4635254044139571
0.8646751146491315 0.061701384578541 -0.2774478760430193 0.1349786716605175 -0.1858287838136138 0.4635254044139571
0.4143914700393944 0.170865372679036 0.1331452273772131 0.9310067352994664 1.9571549626720728 0.4635254044139571
-0.711317641484948 -0.8661925142756663 0.5437383307974456 0.4334891955251234 -0.3899224739551077 0.7635559194661432
0.4143914700393944 -0.1566265916224489 -0.7906892553183099 -1.059063423797906 -0.6195278753642884 0.7635559194661432
1.7652424038686054 1.6991612060859658 0.030496951522155 0.1349786716605175 -0.1603170725459271 0.7635559194661432
0.4143914700393944 -0.920774508325914 1.0569797100727365 0.8315032273445979 1.3703856035152775 0.7635559194661432
1.540100581563737 1.3170872477342332 0.6463866066525038 1.826538306893284 1.11526849083841 0.7635559194661432
0.6395332923442629 -1.4665944488283889 -0.9959858070284262 -0.8600564078881687 0.4009405753431813 0.7635559194661432
0.6395332923442629 -0.1020445975722014 -0.3287720139705484 -0.6610493919784315 -0.4919693190258547 0.7635559194661432
1.089816936954 -1.8486684071801207 0.3897659170148584 -0.5615458840235629 -0.5940161640966017 0.7635559194661432
1.9903842261734737 0.8804312953322534 1.4162486755654398 1.7270347989384156 4.202185554228507 0.7635559194661432
1.7652424038686054 -0.2112085856726964 3.7258348823042473 3.219587418261445 1.931643251404386 0.7635559194661432
0.4143914700393944 0.5529393310307684 -1.0473099449559553 0.1349786716605175 -0.466457607758168 0.7635559194661432
1.3149587592588683 0.2254473667292835 -0.1747996001879612 0.0354751637056489 0.1203117513986271 0.7635559194661432
-0.9364594637898164 2.1358171584879457 -0.7393651173907809 -0.2630353601589569 -0.262363917616674 0.7635559194661432
0.189249647734526 -1.3028484666776463 -0.020827186405374 -0.0640283442492197 0.0182649063278801 1.0635864345183292
2.6658096930880792 0.6621033191312634 0.1844693653047422 5.3091610853136855 4.202185554228507 1.0635864345183292
-1.161601286094685 -1.0845204904766563 -0.9446616691008972 -0.6610493919784315 -0.6195278753642884 1.0635864345183292
0.189249647734526 -0.7024465321249239 0.1331452273772131 -0.1635318522040883 -0.670551297899662 1.3636169495705155
0.189249647734526 -0.9753565023761612 2.340083158260963 0.7319997193897293 -0.364410762687421 1.3636169495705155
0.6395332923442629 0.0071193905282935 0.800359020435091 0.5329927034799921 -0.1348053612782403 1.3636169495705155
-0.711317641484948 -0.8116105202254189 0.2871176411598004 -0.5615458840235629 -0.3388990514197343 1.3636169495705155
1.7652424038686054 2.899965075191411 -0.1234754622604321 -0.0640283442492197 -0.1858287838136138 1.3636169495705155
-1.8370267530092903 -0.8116105202254189 -0.6367168415357227 -0.1635318522040883 0.1458234626663138 1.3636169495705155
1.089816936954 0.170865372679036 -0.5340685656806646 0.0354751637056489 4.763443202117615 1.3636169495705155
1.540100581563737 0.5529393310307684 -0.6880409794632518 -0.4620423760686942 0.3754288640754945 1.3636169495705155
2.2155260484783423 0.716685313181511 -0.2774478760430193 -0.0640283442492197 -0.262363917616674 1.3636169495705155
-0.4861758191800795 1.153341265583491 1.3136003997103816 1.0305102432543352 2.237783786616627 1.6636474646227015
0.189249647734526 3.718694985945123 0.7490348825075619 -0.3625388681138256 0.2478703077370608 1.963677979674888
0.4143914700393944 -1.5757584369288835 0.3384417790873294 -0.2630353601589569 -0.0327585162074933 1.963677979674888
-0.9364594637898164 2.899965075191411 -0.5340685656806646 0.0354751637056489 -0.3899224739551077 1.963677979674888
-0.711317641484948 0.935013289382501 -0.7906892553183099 -0.1635318522040883 -0.6960630091673486 1.963677979674888
-0.711317641484948 -0.7570285261751714 1.1083038480002654 1.826538306893284 0.426452286610868 1.963677979674888
1.9903842261734737 0.280029360779531 -0.2261237381154902 -0.0640283442492197 0.0692883288632536 2.56373900977926
1.3149587592588683 -0.0474626035219539 1.1596279859277945 1.826538306893284 4.202185554228507 2.56373900977926
1.7652424038686054 0.389193348880026 1.2622762617828525 1.0305102432543352 1.2938504697122173 3.4638305549358184
0.189249647734526 -0.1020445975722014 -0.1747996001879612 0.1349786716605175 -0.6195278753642884 3.7638610699880046
1.7652424038686054 1.589997217985471 1.3649245376379109 2.0255453228030214 0.6815693992877354 4.963983130196749
-0.711317641484948 0.0071193905282935 -0.9446616691008972 0.3339856875702547 -0.7215747204350355 -1.0366271708469734
-0.0358921745703425 -0.3203725737731914 1.5702210893480268 0.7319997193897293 -0.6450395866319752 -0.8866119133208804
-0.0358921745703425 -0.5387005499741814 -0.3800961518980774 0.2344821796153861 -0.8491332767734692 -0.8866119133208804
1.3149587592588683 -0.1020445975722014 -0.6367168415357227 -0.5615458840235629 -0.4919693190258547 -0.8866119133208804
-1.3867431083995534 0.5529393310307684 0.85168315836262 0.8315032273445979 1.497944159853711 -0.8866119133208804
0.189249647734526 -0.7024465321249239 0.030496951522155 -0.1635318522040883 0.0948000401309403 -0.8866119133208804
-2.512452219923896 -1.6849224250293788 -0.842013393245839 -0.5615458840235629 -0.7470864317027222 -0.8866119133208804
-1.611884930704422 -1.6303404309791312 -0.072151324332903 0.0354751637056489 -0.0072468049398066 -0.8866119133208804
0.4143914700393944 -0.5387005499741814 -0.020827186405374 0.2344821796153861 6.600286413391061 -0.4365661407426012
-1.3867431083995534 0.716685313181511 -0.5340685656806646 0.0354751637056489 -0.7981098542380957 -0.136535625690415
1.9903842261734737 -0.0474626035219539 0.7490348825075619 0.7319997193897293 -0.2113404950813005 -0.136535625690415
0.4143914700393944 0.280029360779531 -0.2261237381154902 0.1349786716605175 -0.364410762687421 -0.136535625690415
-0.0358921745703425 1.4262512358347283 0.1844693653047422 2.423559354622496 3.334787371127157 0.163494889361771
-0.261033996875211 1.0987592715332437 -0.7906892553183099 -0.7605528999333001 -0.3388990514197343 0.163494889361771
-0.0358921745703425 -0.1566265916224489 -1.0473099449559553 -0.8600564078881687 -0.5685044528289149 0.163494889361771
0.4143914700393944 -0.4295365618736864 -0.5340685656806646 -0.1635318522040883 -0.466457607758168 0.7635559194661432
0.189249647734526 -0.3749545678234389 -0.2774478760430193 0.1349786716605175 -0.5940161640966017 0.7635559194661432
-0.0358921745703425 -0.3749545678234389 -0.9446616691008972 0.1349786716605175 -0.4409458964904812 0.7635559194661432
0.189249647734526 0.2254473667292835 2.9046486754637826 2.523062862577365 0.7325928218231089 0.7635559194661432
0.4143914700393944 0.935013289382501 1.3649245376379109 0.0354751637056489 0.1458234626663138 0.7635559194661432
-0.0358921745703425 0.1162833786287885 -0.6880409794632518 -0.5615458840235629 -0.4919693190258547 0.7635559194661432
0.6395332923442629 0.389193348880026 0.4410900549423875 1.2295172591640724 1.7785729837982651 3.7638610699880046
1.540100581563737 -0.4295365618736864 -0.6880409794632518 -1.1585669317527745 -0.8491332767734692 -0.8866119133208804
-0.0358921745703425 0.935013289382501 -0.5853927036081937 0.0354751637056489 -0.4919693190258547 -0.8866119133208804
-0.261033996875211 1.6991612060859658 -0.1747996001879612 0.9310067352994664 -0.6195278753642884 -0.8866119133208804
-0.4861758191800795 0.607521325081016 0.5437383307974456 0.2344821796153861 -0.0582702274751801 -0.8866119133208804
-1.611884930704422 -0.1020445975722014 -0.6880409794632518 -0.4620423760686942 0.8346396668938559 -0.8866119133208804
-1.611884930704422 0.4437753429302735 0.030496951522155 -0.5615458840235629 1.9571549626720728 -0.7365966557947873
-0.9364594637898164 -1.4120124547781412 -0.3287720139705484 -0.9595599158430372 -0.5174810302935415 -0.4365661407426012
-1.8370267530092903 0.1162833786287885 0.030496951522155 -0.4620423760686942 1.1662919133737837 -0.136535625690415
0.189249647734526 -0.8661925142756663 -0.2774478760430193 -0.2630353601589569 -0.0837819387428668 0.163494889361771
-0.261033996875211 -1.1936844785771512 0.0818210894496841 -0.2630353601589569 -0.6195278753642884 0.163494889361771
-1.161601286094685 -0.9753565023761612 -0.4314202898256065 -0.1635318522040883 -0.1092936500105535 0.163494889361771
1.089816936954 1.2625052536839858 -0.4827444277531356 0.2344821796153861 0.222358596469374 0.7635559194661432
0.189249647734526 1.2625052536839858 0.2357935032322712 0.9310067352994664 -0.0327585162074933 1.963677979674888
