300 2 2
0.295014836032117 -0.6239958985369741
-1.6710490155548203 0.6272770475174154
0.1898238506368896 -1.9502106680615936
-0.1499355323523434 -0.4494241875150323
-1.6703792091170782 0.2271790393861927
0.1755041940852241 0.5742476351317537
-0.3067800111080153 0.3623403971781737
-0.7168193279217661 -1.6467905155284996
-0.3982458013366906 -0.4166104936214887
-2.054815304969288 0.290420370744187
1.922957725764889 0.0118323760873469
-1.283044314131888 1.3868487997829846
0.6460696425931438 0.2638907701473607
1.3433445488607163 0.981082630523418
0.5820263778019195 -0.0032369437144483
0.4684578018415506 -0.2152572863495264
-0.1601775286762093 0.3610848556108093
0.5035146547519799 -1.8399949712807568
-0.2660418584506001 1.7765409785273487
-0.5533145914079559 1.823935147033479
0.1496821613665691 1.9503063486496797
-1.8243838423933327 0.6372040980168971
0.4769939260510816 0.228347688984654
-0.6133986431435435 0.1316294057514121
0.685240245318869 1.8126326686720065
-1.7743977337250836 -0.1975311555733042
0.8470043109785657 1.835843674802172
-1.8801646195343504 -0.6923764896830816
0.4415557951316618 0.041669300255651
-1.8005408981586244 0.4696625749348782
1.8751025149785625 -0.3213194468332427
-0.5367992214201627 -0.2401086232551603
-0.2351782521590751 -0.4998698839112848
-2.010687558958341 0.6636454089031782
0.5155648660885848 0.2640808912380309
-0.6304380013119687 0.283998309926644
1.222448050526034 -1.4584285190199144
-0.2892749500303231 -0.5122441757159204
0.0191555276583723 0.6975755577769532
0.0924854584120796 0.5707212749242496
0.38469638832499 0.4606667400837398
-0.6039164423177197 -0.0168009449789735
-0.0736990452125272 0.6153597575609957
1.946819781077684 0.2352860592561914
0.1317049099286711 1.9511929830092407
-0.5596833124922264 -1.902248767330875
0.7536719661564486 -1.7155127709263
-0.8260154000453159 -1.845933268571692
-0.322444847365492 -1.8559849661546977
-1.971681724564964 -0.1032166680737401
0.2144258621423357 0.5524125889319582
-1.6896145431205023 1.185430892633282
1.7458258930134452 0.9111462218041868
-1.676799335131072 0.7361531350228357
0.1095110744433664 -0.6203121531473926
1.3334373609717112 -1.413855956709685
1.8509620882226865 -0.5127475676621762
0.4828036851775395 -0.1122939120997715
0.2463166704719544 0.4539345793514251
-1.4143002918387126 -1.301175969337672
1.5166656340044702 1.2621408755019528
-1.5142264860586574 -1.1873947775948062
0.4970179464038916 0.2449708400277828
-0.0928868345510109 -0.6504214381498781
1.5577723736798892 -1.1194077167921472
-0.0150772076747999 -0.6665700857406992
-0.6953842171758974 1.6644690042734538
1.7976288101768243 0.8451135172066644
1.6329327529733295 -0.7456117884970078
0.6163566852977795 0.2291181013502405
-0.8108825470423419 -1.5869580676280612
-0.0058814541659218 -0.6018179756177999
0.2450094479674822 0.5043869539252096
-0.5171882930226498 0.3312400879287145
0.0148575623660579 1.9338813150552343
-0.0063698694457799 -0.7673767922134344
-0.9031152791840592 1.7108126825882397
1.8599441830168888 0.2377783628664298
-0.4783104254977179 -0.0644319728056658
1.3785147461627811 -1.4684307230676037
0.5928819344243411 0.0358298921336129
-1.7761183389484227 0.916897341885356
-0.3657335192605202 0.6164799118888754
-0.2430809030420491 -0.3529569209550612
-0.5401768212596676 -0.2069618060315409
-1.3527739421905671 1.622878965327197
0.4593344769996941 -0.4300663591759505
0.2118763860967504 0.5905970570689318
-0.1317544823691241 0.4614467840256933
-0.5715144819847484 -0.3939246974055883
-0.3318866383085688 -0.714361718336235
0.6757545391529198 -0.4491628570279419
0.6812257812877622 0.124535956687948
-1.4353384651561665 -0.9085157338301408
-0.6329001897777404 -0.0539581826136768
1.9686222073116808 0.0964572488525734
-1.3826579246752224 1.2953879779442434
0.3752639460620405 -0.2435493750978023
-0.5068293622558094 -0.4064272762375877
0.1507028568864487 -1.8708752668128577
-0.2387152634814791 0.3627853426326362
-1.411116732963366 -1.2969365536806878
-1.414375293361671 1.601794452217112
-0.5927340447412013 -0.112420066927203
-1.7431058979428302 0.82671348477175
0.4260570223838247 -0.1338700752196476
0.4093680743122562 -0.4663340491287268
-1.6351780363190185 -1.0477939412128396
0.5551673462799566 0.0749377382358451
0.263854169289758 0.3653579963384548
1.908418625112794 0.0528668800968139
0.194593114920035 0.5867361714763207
-1.022414215609028 -1.928524531112532
0.3004275076173172 -0.3827110876269323
-1.0780667675080238 -1.4661861788895396
-1.5540823815508846 1.4212234097332508
0.4700360326100481 -0.3844093205651603
1.7809886299809337 -0.4933602890655279
-1.8950496791932925 -0.0935612515389545
1.6415708839311465 -0.7636999577180972
-0.353521885671561 -0.1298356316333313
-0.0564465971284057 -0.6621306012267174
1.5964549023561103 -0.8544552038668393
0.3792546968825172 -0.5583446642603818
-1.243912120998428 -1.5495291195746927
0.1616617896734745 -0.4294196111431206
0.8555021996944543 -1.7793266397995264
-0.3484983307656322 -0.5483815496742047
1.6820718481441128 -0.7086478400871794
-0.6445216950919682 0.0540559657587991
1.8371633334136188 0.7272916197577964
-0.126590491089273 1.9255711284107209
1.4527051352596128 -1.176717639226848
-1.4836375818919112 1.0190526552104997
0.1395556489168917 0.6752145959923671
-0.5902738458840042 0.0687425238644922
-0.9190106178568836 -1.7289327067113085
0.458777189813814 -0.3668645840583144
-0.5472191238597915 -1.8082724048722865
-1.926199258155152 -0.3087208065752297
1.242772806503691 1.2737690307603118
0.7379973725442539 -0.1124853239829913
1.1630316020573126 -1.471767945940896
0.5072092491388583 -0.2700687614852697
0.3234792977634252 -1.7165569042365665
0.4886815959660365 -0.2733146279269923
1.6169503447808982 -0.953663711877665
1.1688744872530048 -1.4340213922836889
-0.1905880498827634 -1.7496845379392356
0.6776716241985185 -1.7698706066215495
-1.7060191211424054 0.316503494841499
0.0858493028209062 0.3921234699422075
1.883365606460804 0.5433649998774274
-0.2824857754800015 -0.4328414172255282
0.1779040081703403 -1.82207161528538
0.3285655949942495 0.4160952368257962
-1.9167369819109592 -0.0283554520356278
1.6799474231161315 0.8448195332706039
-0.545051823008263 0.0238679961425441
-0.3504855485710543 0.4683087517941766
0.3689395591937653 -1.925518898543093
1.2792903221563017 1.3994861816089652
0.6637958016073345 -1.8537032275451848
-0.6575370686829745 1.926598081805796
1.338081358009087 -1.3807102331669625
-1.7756548689601048 -0.0940988544437191
-0.4326782793174841 0.1554544703656545
0.3782381425791318 0.3317124949152353
-0.4070321393932143 1.6599788232228614
-0.5230064015304569 -0.030977207256067
-0.5191272645360233 0.5856749207762443
-0.1089890041795877 -1.850322940440401
-0.5731916492170032 2.00743114743338
1.1087888021659325 1.7158644381967294
1.424313631729665 1.318493481532198
-0.0103295010527062 0.4886486684357352
-0.498917154030798 -0.3996331932134491
-0.6022543049813138 -0.0036256323160671
1.75030281450802 -0.2745285907888805
0.5007480677578904 0.2523417781121453
-0.2709904240233933 0.3432171454422777
0.3498357710862604 1.8374298226381776
0.0582123871781774 -1.8892780218270164
-1.332594650063576 -1.340402299134033
0.5431218060699845 0.1581168987882532
-0.859771636871855 1.7301954344573078
0.1019735822501725 0.5919516085264928
-1.7938715899490294 -0.4898360634176311
0.1262406228752515 -0.5832225735539237
0.4961954290994044 -0.2207764107910818
-0.2854356924205276 -0.4104263474060639
-0.5986699904182547 0.1276309797984273
-0.3329402257050616 0.181401513831278
-1.655702265816818 -0.7098358519118316
0.5158984847781077 -0.0660115962924965
-0.0074185064126538 -0.5264155241950286
-0.4160666532667006 -0.4013780248747629
-0.1937103961131751 0.5172359824246918
0.4878046540821399 -0.3969477891520892
-0.5006138253130343 -0.069684329281944
0.036124073337093 -0.557089549932594
-0.4226695886708866 0.463649888314923
-0.3510299119659206 0.5042460403663537
0.6863281528597142 -1.851389816779435
0.306370587762264 0.2993260172717227
0.9794822416196248 1.5642438276419928
-0.351768708754849 0.3180547761851877
1.2379538147910858 1.431590851392315
-1.4445654334977958 -1.1949955317173264
0.3667234567917778 0.4744274218855819
0.4760612549703156 -0.0048210436530831
-0.3877924530379435 -0.1550647408977698
1.0915300800882484 1.61662242500985
0.1574262778142418 -0.5298692097772738
-0.3690412229529153 0.3039753159469265
1.0168889697741 1.535899987800485
0.6200550483678525 0.0140578477225985
0.3740659945427638 0.5600353348723949
-0.3523826096843802 -0.1920943551363077
-0.1205734414718321 -0.5311817464534292
0.3263321713076221 0.5777963777222731
1.790257250613804 0.16792479800443
0.4516392490109634 -0.5967115231410622
-0.0715332078062596 0.7035177318550606
-1.0907520347020248 1.454609216603424
-0.0083179830329604 0.560449282380004
1.7739694220162896 0.6126099341581073
1.63155114585913 1.0265631179558554
1.8159783131042933 0.420368080022567
0.5090539255741517 0.0278912734216491
-0.596074302133654 0.2611561635374306
0.4879965997115698 1.883524452039048
0.7266602788646834 -0.2574428242878079
0.5769665333718818 0.195202201950864
-0.466345376355252 -0.1599660366761362
0.9835584650263322 -1.6288481788168974
-1.6253011526521053 0.977328201920532
-0.6919532043564931 0.3856317045122181
-0.3391755571697766 -2.031224696414557
0.7005794657847775 -0.131037017943269
1.9584579421340536 -0.5767883003416793
-0.2620106638865443 0.5267887223348507
-0.9443464221987696 1.618319161062882
-0.3217604349839661 1.9042651192195796
0.7790142872576001 1.831906270297428
0.1702878776887494 -0.5905896067402508
0.8798561960014586 -1.5159032753901744
-0.4781569285838831 0.2341098918073962
-0.3697070544922791 2.056876935827121
-0.4077169970021627 -0.4675234360706299
-0.2537742177042602 -0.7069901257435739
-1.7227625158999074 -0.6076150702270632
1.6708798934650722 0.8939584860619422
-1.7256873029526008 -0.8104249509443417
0.1665525806660054 1.918481283607788
-1.7176212815339087 -0.9996020866617702
0.2935022158466762 0.3292912754794677
-1.89707125660282 0.5868925945618061
1.9681929511596132 -0.2241108442978515
-1.067860766040506 1.6340618843060464
-0.5256209390615407 -1.9350070638183552
0.1101916384309448 -0.4303315821352855
-1.0911943129878403 -1.6153421975642548
-1.523687687019253 1.0213368556250122
1.8739053759143915 0.455138817337904
-0.0023587319168872 0.5219857806820624
-0.4949935316456549 -0.1103299733939662
1.26504533805231 1.470069305313095
-0.4623384005998924 0.217414106595896
0.220251923001441 -0.4388175979283343
-0.3046597138357912 -0.574431182225067
0.4317793542743076 -1.7230298111289666
0.3723872323826901 0.4141345287268689
-0.0167716301278884 -0.4559912267665906
0.1864170229242609 0.5201604374872442
-0.5913978128226727 -1.8496024525359145
-1.5877311093047284 -0.7759517955667358
1.622880968970335 -1.2039300884834163
0.5046946663196954 -0.6526513886874671
0.6665678212379388 1.5912872192592826
-2.024764383154785 0.2085524063691347
-0.1643551224980596 0.3970599932907572
0.4064900206305362 1.970727804486036
0.2566221803163697 0.5136621412379656
-0.4444321850093775 -0.4631989917604177
-0.6553716209972095 0.1963209933034685
-0.3762279117204237 0.3291032226365655
-0.3774871287589941 -0.297279180282965
1.4102851007140165 -1.271000316590094
-0.6713192454655551 -0.212252750760941
-0.0245566075505445 0.6180295346931811
0.4709153285066549 1.8777214943920089
-1.6822656768936075 -1.09898769242509
0.4746117743408439 -0.2183169960538098
-0.1204410796227897 0.4365981524830755
1.8541700161152788 -0.3561907419547715
1.4700354933296336 1.2933424724066285
-1.4507413611611553 1.207816481122275
0.342960480806957 -0.4413401136972986
-0.0255848794270769 -0.6728260186532683
