336 7 8
0.1377717454077857 -0.8262774849243155 0.1751423610260149 0.0546358364708151 0.5468772543965708 -0.9220351170860328 -0.4401459416395575
-1.670818832447725 -2.0988720711663857 0.1751423610260149 0.0546358364708151 0.4267394593803904 -0.4626953418130881 -0.0619131119953341
0.4392035083837042 -2.0988720711663857 0.1751423610260149 0.0546358364708151 0.1263949718399395 -0.379179019036189 0.0221386279256043
0.5683885496590979 0.1917981840693407 0.1751423610260149 0.0546358364708151 0.3066016643642101 -0.0451137279285929 -0.3981200716790883
-0.9818319456456258 -0.6735661345752672 0.1751423610260149 0.0546358364708151 0.4868083568884805 -0.8802769556975832 -0.4401459416395575
0.9128819930601476 -0.3172396504274873 0.1751423610260149 0.0546358364708151 -0.6545006957652326 -0.3374208576477395 0.0221386279256043
-0.7234618630948385 -0.8771812683739983 0.1751423610260149 0.0546358364708151 -0.1739495157005112 -0.9637932784744824 -0.4821718116000268
-1.0679553064958882 -0.5717585676759015 0.1751423610260149 0.0546358364708151 0.2465327668561199 -0.7550024715322347 -0.2720424617976805
-1.8861272345733813 -0.0627207331790733 0.1751423610260149 0.0546358364708151 -0.0538117206843309 0.2054352404021042 0.4844231974907663
-0.1636600175681327 -2.0988720711663857 0.1751423610260149 0.0546358364708151 0.5468772543965708 -1.1725840854167298 -1.7849737803745742
-0.1636600175681327 -1.0807964021727297 0.1751423610260149 0.0546358364708151 0.606946151904661 -0.7967606329206842 -0.356094201718619
-0.8957085847953634 0.1408944006196579 0.1751423610260149 0.0546358364708151 -0.1739495157005112 -1.2143422468051794 -0.6923011614023732
-0.2928450588435264 -0.6735661345752672 0.1751423610260149 0.0546358364708151 -0.0538117206843309 -0.9220351170860328 -0.4401459416395575
0.2238951062580482 -2.047968287716703 0.1751423610260149 0.0546358364708151 -0.0538117206843309 -0.5879698259784366 -0.4401459416395575
-1.024893626070757 -0.1136245166287561 0.1751423610260149 0.0546358364708151 0.0663260743318494 -1.256100408193629 -0.7343270313628424
-0.8957085847953634 -2.0988720711663857 0.1751423610260149 0.0546358364708151 -0.0538117206843309 -0.0868718893170424 0.2742938476884199
-0.5081534609691825 -0.0118169497293904 0.1751423610260149 0.0546358364708151 -0.5343629007490522 -0.9220351170860328 -0.4401459416395575
-0.0775366567178703 -0.9280850518236812 0.1751423610260149 0.0546358364708151 0.4868083568884805 0.2471934017905537 0.5264490674512357
-0.9818319456456258 -2.0988720711663857 0.1751423610260149 0.0546358364708151 -0.4742940032409621 -0.7550024715322347 -0.3140683317581497
-0.2067216979932639 0.5990284516668033 0.1751423610260149 0.0546358364708151 -0.4742940032409621 -1.0473096012513814 -0.5662235515209654
-1.800003873723119 -0.0118169497293904 0.1751423610260149 0.0546358364708151 -0.5343629007490522 -1.0055514398629315 -1.911051390255982
-0.6373385022445761 -1.1317001856224125 0.1751423610260149 0.0546358364708151 1.5680485120341037 -1.7154401834665736 -1.3226892108094122
0.2238951062580482 0.4463171013177548 0.1751423610260149 0.0546358364708151 -0.3541562082247818 -0.5044535032015376 -0.1039389819558034
-1.84306555414825 -1.488026669770192 0.1751423610260149 0.0546358364708151 0.5468772543965708 -1.4648912151358764 -0.9444563811651888
-0.42203010011892 -0.3172396504274873 0.1751423610260149 0.0546358364708151 0.0663260743318494 -1.0055514398629315 -0.9444563811651888
-0.7234618630948385 -0.419047217326853 0.1751423610260149 0.0546358364708151 0.0663260743318494 -0.0868718893170424 0.2742938476884199
-0.8957085847953634 -2.0988720711663857 0.1751423610260149 0.0546358364708151 0.0062571768237592 -0.5462116645899872 -0.1459648519162726
-1.0679553064958882 0.2936057509687064 0.1751423610260149 0.0546358364708151 -2.5166365185160275 -0.5879698259784366 -0.1879907218767419
-0.1205983371430015 -0.419047217326853 0.1751423610260149 0.0546358364708151 0.3666705618723002 -0.4626953418130881 -0.0619131119953341
-0.1205983371430015 -0.3172396504274873 0.1751423610260149 0.0546358364708151 0.0062571768237592 -0.6297279873668862 -0.1879907218767419
0.3100184671083106 -0.3681434338771702 0.1751423610260149 0.0546358364708151 -0.1739495157005112 -0.8385187943091337 -0.3981200716790883
-0.5081534609691825 -0.6226623511255843 0.1751423610260149 0.0546358364708151 -0.5343629007490522 -0.4626953418130881 -0.0619131119953341
0.4392035083837042 0.2936057509687064 0.1751423610260149 0.0546358364708151 -0.7746384907814129 -0.379179019036189 0.0221386279256043
-1.800003873723119 -0.8262774849243155 0.1751423610260149 0.0546358364708151 -0.2940873107166916 -0.4626953418130881 -0.0619131119953341
-0.9387702652204948 -0.5208547842262187 0.1751423610260149 0.0546358364708151 -0.9548451833056836 -1.1308259240282803 -0.6082494214814346
-0.42203010011892 0.4463171013177548 0.1751423610260149 0.0546358364708151 -0.3541562082247818 -0.3374208576477395 0.0221386279256043
-0.7234618630948385 0.3445095344183892 0.1751423610260149 0.0546358364708151 -0.2940873107166916 -0.7132443101437852 -0.2720424617976805
0.8267586322098852 0.0899906171699751 0.1751423610260149 0.0546358364708151 0.7270839469208412 -1.7989565062434727 -1.7429479104141048
-0.5942768218194449 -0.1645283000784389 0.1751423610260149 0.0546358364708151 -0.7145695932733227 -0.7550024715322347 -0.3140683317581497
-0.3359067392686576 0.0390868337202923 0.1751423610260149 0.0546358364708151 0.0663260743318494 -1.0055514398629315 -0.6923011614023732
-0.5512151413943137 -0.0118169497293904 0.1751423610260149 0.0546358364708151 0.3066016643642101 -0.5879698259784366 -0.1879907218767419
-1.84306555414825 -0.419047217326853 0.1751423610260149 0.0546358364708151 0.7270839469208412 -0.2121463734823909 0.1482162378070121
-1.800003873723119 -2.047968287716703 0.1751423610260149 0.0546358364708151 -0.113880618192421 -0.29566269625929 0.0641644978860736
-0.7665235435199698 -0.3681434338771702 0.1751423610260149 0.0546358364708151 -2.5166365185160275 -0.5462116645899872 -0.1459648519162726
0.6545119105093603 -0.0118169497293904 0.1751423610260149 0.0546358364708151 0.0663260743318494 -0.4626953418130881 -0.1879907218767419
-1.2402020281964132 -0.3681434338771702 0.1751423610260149 0.0546358364708151 -0.113880618192421 -0.1703882120939414 -1.7009220404536356
-0.0775366567178703 -0.5208547842262187 0.1751423610260149 0.0546358364708151 0.4868083568884805 0.3724678859559022 0.6525266773326434
-0.1205983371430015 -2.0988720711663857 0.1751423610260149 0.0546358364708151 -0.4742940032409621 -0.7550024715322347 -0.2720424617976805
-0.1636600175681327 -0.5208547842262187 0.1751423610260149 0.0546358364708151 0.6670150494127511 -1.2978585695820783 -0.7763529013233117
-0.9818319456456258 -0.6226623511255843 0.1751423610260149 0.0546358364708151 -0.2340184132086014 -0.5462116645899872 -0.1039389819558034
-0.3789684196937888 0.3445095344183892 0.1751423610260149 0.0546358364708151 -0.2940873107166916 -0.1703882120939414 -0.3981200716790883
-0.7234618630948385 -2.149775854616069 0.1751423610260149 0.0546358364708151 -0.113880618192421 -1.7989565062434727 -1.1966116009280043
-1.024893626070757 -0.4699510007765358 0.1751423610260149 0.0546358364708151 -0.7145695932733227 -0.29566269625929 0.0641644978860736
-0.9818319456456258 0.6499322351164861 0.1751423610260149 0.0546358364708151 -0.5944317982571424 0.2889515631790032 0.5684749374117049
0.0516483845575233 0.0899906171699751 0.1751423610260149 0.0546358364708151 -1.4954652608784949 -1.256100408193629 -0.818378771283781
0.3530801475334418 0.0899906171699751 0.1751423610260149 0.0546358364708151 -1.135051875829954 -0.5462116645899872 -0.1459648519162726
0.2238951062580482 -0.419047217326853 0.1751423610260149 0.0546358364708151 -0.7145695932733227 -0.4209371804246385 -0.0198872420348648
-1.800003873723119 -0.5208547842262187 0.1751423610260149 0.0546358364708151 -0.113880618192421 -0.5462116645899872 -0.1459648519162726
-0.0775366567178703 -0.5717585676759015 0.1751423610260149 0.0546358364708151 -2.636774313532208 -0.5462116645899872 -0.1039389819558034
-0.1636600175681327 -0.3681434338771702 0.1751423610260149 0.0546358364708151 0.4267394593803904 -0.5044535032015376 -0.1039389819558034
-0.0775366567178703 0.5481246682171205 0.1751423610260149 0.0546358364708151 -2.5166365185160275 -0.0033555665401433 0.3583455876093585
0.2669567866831794 -0.4699510007765358 0.1751423610260149 0.0546358364708151 -0.3541562082247818 -0.7550024715322347 -0.3140683317581497
-0.42203010011892 -0.2154320835281217 0.1751423610260149 0.0546358364708151 0.0663260743318494 0.0384025948483061 0.3583455876093585
-1.197140347771282 -2.149775854616069 0.1751423610260149 0.0546358364708151 -0.0538117206843309 -0.9220351170860328 -0.4401459416395575
0.0516483845575233 -0.8262774849243155 0.1751423610260149 0.0546358364708151 0.2465327668561199 -0.5462116645899872 -0.1039389819558034
-0.9387702652204948 -0.1136245166287561 0.1751423610260149 0.0546358364708151 0.4267394593803904 0.2471934017905537 0.5684749374117049
-0.8957085847953634 -0.419047217326853 0.1751423610260149 0.0546358364708151 -0.3541562082247818 -0.5462116645899872 -0.1459648519162726
0.2669567866831794 0.5990284516668033 0.1751423610260149 0.0546358364708151 -0.2940873107166916 0.0384025948483061 0.3583455876093585
-0.8957085847953634 -0.419047217326853 0.1751423610260149 0.0546358364708151 -0.2340184132086014 -0.8385187943091337 -0.3981200716790883
-0.4650917805440512 0.1408944006196579 0.1751423610260149 0.0546358364708151 0.5468772543965708 -1.757198344855023 0.1061903678465429
-0.8526469043702322 -0.978988835273364 0.1751423610260149 0.0546358364708151 -0.7746384907814129 -0.8802769556975832 -0.4401459416395575
-0.0775366567178703 0.2936057509687064 0.1751423610260149 0.0546358364708151 0.0062571768237592 -0.8385187943091337 -0.3981200716790883
-0.3789684196937888 -2.047968287716703 0.1751423610260149 0.0546358364708151 -0.2940873107166916 -0.4209371804246385 -0.0198872420348648
-0.0775366567178703 -0.1645283000784389 0.1751423610260149 0.0546358364708151 -0.2940873107166916 -0.8802769556975832 -1.8269996503350436
-0.9387702652204948 -0.1136245166287561 0.1751423610260149 0.0546358364708151 -0.5944317982571424 -0.7550024715322347 -0.3140683317581497
-0.1636600175681327 -2.149775854616069 0.1751423610260149 0.0546358364708151 0.0663260743318494 -0.8385187943091337 -0.3981200716790883
0.0947100649826545 -0.1645283000784389 0.1751423610260149 0.0546358364708151 -0.113880618192421 -0.8802769556975832 -0.4401459416395575
-0.2067216979932639 0.1408944006196579 0.1751423610260149 0.0546358364708151 0.2465327668561199 -0.0868718893170424 0.2322679777279507
-0.0775366567178703 -0.8771812683739983 0.1751423610260149 0.0546358364708151 -0.2340184132086014 -0.7967606329206842 -0.356094201718619
-0.7234618630948385 -0.2154320835281217 0.1751423610260149 0.0546358364708151 0.0663260743318494 -0.3374208576477395 0.0221386279256043
-0.5081534609691825 -0.8771812683739983 0.1751423610260149 0.0546358364708151 -0.3541562082247818 -0.4626953418130881 -0.0619131119953341
-0.2067216979932639 -0.1136245166287561 0.1751423610260149 0.0546358364708151 -0.113880618192421 -0.6297279873668862 -0.1879907218767419
-0.7234618630948385 0.0899906171699751 0.1751423610260149 0.0546358364708151 -0.3541562082247818 -0.9637932784744824 -0.4821718116000268
-0.5081534609691825 0.4972208847674376 0.1751423610260149 0.0546358364708151 0.6670150494127511 -0.6297279873668862 -0.1879907218767419
-0.42203010011892 0.5481246682171205 0.1751423610260149 0.0546358364708151 -0.2340184132086014 -0.0451137279285929 0.3163197176488893
-1.800003873723119 0.0390868337202923 0.1751423610260149 0.0546358364708151 0.3066016643642101 0.1219189176252051 0.4423973275302971
-1.7569421932979876 0.1917981840693407 0.1751423610260149 0.0546358364708151 0.1263949718399395 -0.0033555665401433 0.3163197176488893
0.2669567866831794 -0.0627207331790733 0.1751423610260149 0.0546358364708151 -0.5944317982571424 -0.4209371804246385 -0.1459648519162726
-1.7569421932979876 0.2936057509687064 0.1751423610260149 0.0546358364708151 -1.195120773338044 -0.9637932784744824 -0.4821718116000268
0.3100184671083106 -0.1645283000784389 0.1751423610260149 0.0546358364708151 -1.855878645927036 -0.7132443101437852 -0.2720424617976805
-0.5081534609691825 0.0390868337202923 0.1751423610260149 0.0546358364708151 0.3066016643642101 -0.4626953418130881 -0.0619131119953341
-1.800003873723119 -0.1645283000784389 0.1751423610260149 0.0546358364708151 -0.5944317982571424 -0.7967606329206842 -0.7763529013233117
-0.2067216979932639 -0.1136245166287561 0.1751423610260149 0.0546358364708151 -2.5166365185160275 -0.9220351170860328 -0.8604046412442502
-1.84306555414825 -0.0118169497293904 0.1751423610260149 0.0546358364708151 -0.6545006957652326 -1.0473096012513814 -0.5662235515209654
-0.6373385022445761 0.0899906171699751 0.1751423610260149 0.0546358364708151 -1.0749829783218638 -0.7550024715322347 -0.2720424617976805
0.783696951784754 1.566200337210777 0.1751423610260149 0.0546358364708151 -0.113880618192421 -0.4626953418130881 -0.3140683317581497
-0.4650917805440512 -0.419047217326853 0.1751423610260149 0.0546358364708151 -2.636774313532208 -0.5044535032015376 -0.1039389819558034
0.4822651888088355 0.4463171013177548 0.1751423610260149 0.0546358364708151 -0.5944317982571424 -0.7550024715322347 -0.5241976815604961
0.8267586322098852 0.4972208847674376 0.1751423610260149 0.0546358364708151 -0.7746384907814129 -0.379179019036189 -0.7343270313628424
0.2238951062580482 0.0390868337202923 0.1751423610260149 0.0546358364708151 0.6670150494127511 -0.6297279873668862 -0.1879907218767419
-0.3359067392686576 -2.0988720711663857 0.1751423610260149 0.0546358364708151 0.967359536953202 -0.8802769556975832 -0.4401459416395575
-0.9387702652204948 0.5990284516668033 0.1751423610260149 0.0546358364708151 0.967359536953202 -0.5044535032015376 -0.1039389819558034
-0.3359067392686576 -0.978988835273364 0.1751423610260149 0.0546358364708151 0.4267394593803904 -1.256100408193629 -0.7343270313628424
-0.5512151413943137 0.0899906171699751 0.1751423610260149 0.0546358364708151 0.3666705618723002 -1.1725840854167298 -0.6923011614023732
-0.9387702652204948 -0.5717585676759015 0.1751423610260149 0.0546358364708151 -0.5343629007490522 -1.7989565062434727 -1.7429479104141048
-0.8526469043702322 -2.047968287716703 0.1751423610260149 0.0546358364708151 -0.1739495157005112 -0.5879698259784366 -0.1879907218767419
-0.0775366567178703 0.1917981840693407 0.1751423610260149 0.0546358364708151 -0.4742940032409621 -0.3374208576477395 -1.7429479104141048
-0.1205983371430015 -0.6735661345752672 0.1751423610260149 0.0546358364708151 -0.8347073882895031 -0.0451137279285929 0.2742938476884199
0.1377717454077857 -0.1136245166287561 0.1751423610260149 0.0546358364708151 0.1263949718399395 -1.7989565062434727 -1.7429479104141048
0.0516483845575233 -0.8771812683739983 0.1751423610260149 0.0546358364708151 0.5468772543965708 -1.8407146676319224 -0.8604046412442502
-0.5942768218194449 -0.6226623511255843 0.1751423610260149 0.0546358364708151 -2.4565676210079377 -1.673682022078124 -1.8269996503350436
-0.5081534609691825 -0.5208547842262187 0.1751423610260149 0.0546358364708151 0.2465327668561199 0.1219189176252051 0.4423973275302971
-0.4650917805440512 -0.5717585676759015 0.1751423610260149 0.0546358364708151 -0.0538117206843309 -1.7989565062434727 -0.7763529013233117
-0.3359067392686576 -2.149775854616069 0.1751423610260149 0.0546358364708151 -0.2340184132086014 -0.7132443101437852 -0.2720424617976805
-0.3359067392686576 -0.0627207331790733 0.1751423610260149 0.0546358364708151 -0.2340184132086014 -1.8407146676319224 -0.6082494214814346
-0.2067216979932639 0.2936057509687064 0.1751423610260149 0.0546358364708151 0.6670150494127511 -1.8407146676319224 -0.6082494214814346
-0.5081534609691825 -0.1645283000784389 0.1751423610260149 0.0546358364708151 -0.3541562082247818 -0.5044535032015376 -0.1039389819558034
0.2238951062580482 0.1917981840693407 0.1751423610260149 0.0546358364708151 0.3666705618723002 -1.3396167309705278 -0.818378771283781
-0.8957085847953634 0.2936057509687064 0.1751423610260149 0.0546358364708151 -0.5944317982571424 -0.1703882120939414 -1.7009220404536356
-0.7234618630948385 -0.8771812683739983 0.1751423610260149 0.0546358364708151 -2.5166365185160275 -0.1703882120939414 -1.7009220404536356
-0.8957085847953634 -0.978988835273364 0.1751423610260149 0.0546358364708151 -0.4742940032409621 -0.5879698259784366 -0.1459648519162726
-0.9387702652204948 -0.2154320835281217 0.1751423610260149 0.0546358364708151 0.1263949718399395 -0.9637932784744824 -0.4821718116000268
-1.2402020281964132 -0.3172396504274873 0.1751423610260149 0.0546358364708151 0.3666705618723002 -1.7989565062434727 -0.2720424617976805
-1.800003873723119 -0.7244699180249499 0.1751423610260149 0.0546358364708151 -0.3541562082247818 -0.7132443101437852 -0.2720424617976805
0.6545119105093603 -0.4699510007765358 0.1751423610260149 0.0546358364708151 0.1263949718399395 -0.4626953418130881 -0.0619131119953341
-0.5081534609691825 0.2936057509687064 0.1751423610260149 0.0546358364708151 -0.1739495157005112 -0.379179019036189 0.0221386279256043
-0.7665235435199698 -0.6226623511255843 0.1751423610260149 0.0546358364708151 -0.113880618192421 -1.0055514398629315 -0.5241976815604961
-1.800003873723119 0.0390868337202923 0.1751423610260149 0.0546358364708151 -0.2940873107166916 -0.4626953418130881 -0.0619131119953341
-0.9818319456456258 -0.5717585676759015 0.1751423610260149 0.0546358364708151 -0.2340184132086014 -0.8385187943091337 -0.356094201718619
-0.3789684196937888 -0.0627207331790733 0.1751423610260149 0.0546358364708151 -0.2940873107166916 -0.29566269625929 0.0641644978860736
-1.972250595423644 -0.3681434338771702 0.1751423610260149 0.0546358364708151 -0.2940873107166916 0.0801607562367556 0.4003714575698278
-0.2928450588435264 -0.7244699180249499 0.1751423610260149 0.0546358364708151 -0.5343629007490522 -0.5044535032015376 -0.1039389819558034
-1.84306555414825 -0.0627207331790733 0.1751423610260149 0.0546358364708151 0.1263949718399395 -1.0055514398629315 -0.5241976815604961
-0.809585223945101 -2.149775854616069 0.1751423610260149 0.0546358364708151 1.4479107170179233 -0.7550024715322347 -0.2720424617976805
-1.2402020281964132 0.3445095344183892 0.1751423610260149 0.0546358364708151 0.1263949718399395 -0.379179019036189 0.0221386279256043
-0.42203010011892 -0.1645283000784389 0.1751423610260149 0.0546358364708151 0.3666705618723002 -0.5879698259784366 -0.1879907218767419
-1.84306555414825 -0.419047217326853 0.1751423610260149 0.0546358364708151 -0.2340184132086014 -1.1725840854167298 -1.7849737803745742
-0.8526469043702322 -2.0988720711663857 0.1751423610260149 0.0546358364708151 -0.6545006957652326 -0.8385187943091337 -0.356094201718619
-1.800003873723119 -0.2154320835281217 0.1751423610260149 0.0546358364708151 0.4868083568884805 -1.0055514398629315 -0.5241976815604961
-1.024893626070757 -0.5717585676759015 0.1751423610260149 0.0546358364708151 -0.2940873107166916 -0.7132443101437852 -0.2720424617976805
-0.0775366567178703 -0.5208547842262187 0.1751423610260149 0.0546358364708151 -0.1739495157005112 0.2471934017905537 0.5684749374117049
-0.809585223945101 -0.1645283000784389 0.1751423610260149 0.0546358364708151 -0.5944317982571424 -0.3374208576477395 -0.1039389819558034
-1.2832637086215444 -0.1136245166287561 0.1751423610260149 0.0546358364708151 0.4267394593803904 -0.7967606329206842 -0.356094201718619
-1.7138805128728565 0.8026435854655345 0.1751423610260149 0.0546358364708151 0.1263949718399395 1.9175198573285344 -0.356094201718619
-0.0775366567178703 0.3445095344183892 0.1751423610260149 0.0546358364708151 -0.2340184132086014 0.0384025948483061 0.3583455876093585
0.7406352713596228 0.0899906171699751 0.1751423610260149 0.0546358364708151 0.2465327668561199 1.4999382434440391 1.6191216864234366
-0.9818319456456258 0.1408944006196579 0.1751423610260149 0.0546358364708151 0.7270839469208412 1.7504872117747363 1.829251036225783
-0.5081534609691825 0.1917981840693407 0.1751423610260149 0.0546358364708151 0.6670150494127511 1.6252127276093875 -1.5748444305722278
-0.1205983371430015 -2.0988720711663857 0.1751423610260149 0.0546358364708151 0.6670150494127511 1.2076311137248923 1.366966466660621
0.0085867041323921 0.8026435854655345 0.1751423610260149 0.0546358364708151 0.0663260743318494 1.6669708889978372 1.7451992963048444
-0.809585223945101 -0.5208547842262187 0.1751423610260149 0.0546358364708151 0.2465327668561199 1.2911474365017916 1.40899233662109
0.2669567866831794 -0.3172396504274873 0.1751423610260149 0.0546358364708151 1.087497331969382 1.0405984681710945 1.1568371168582745
-0.7234618630948385 0.0899906171699751 0.1751423610260149 0.0546358364708151 1.4479107170179233 0.7900494998403974 0.9887336370163976
0.396141827958573 0.0899906171699751 0.1751423610260149 0.0546358364708151 0.606946151904661 1.332905597890241 -1.5748444305722278
-1.4555104303220692 1.1080662861636317 0.1751423610260149 0.0546358364708151 1.6281174095421935 0.4977423701212508 0.736578417253582
-1.800003873723119 -2.047968287716703 0.1751423610260149 0.0546358364708151 1.087497331969382 1.4999382434440391 1.6191216864234366
1.171252075610935 -0.4699510007765358 0.1751423610260149 0.0546358364708151 0.3666705618723002 1.875761695940085 1.9553286461071904
1.6449305602873785 -0.0627207331790733 0.1751423610260149 0.0546358364708151 0.0663260743318494 1.0405984681710945 1.198862986818744
0.0947100649826545 -0.0118169497293904 0.1751423610260149 0.0546358364708151 -2.4565676210079377 1.332905597890241 -1.5748444305722278
0.3530801475334418 0.1917981840693407 0.1751423610260149 0.0546358364708151 -2.576705416024118 1.7087290503862869 1.7872251662653136
0.0947100649826545 -0.2154320835281217 0.1751423610260149 0.0546358364708151 0.2465327668561199 -1.5484075379127755 1.7872251662653136
-1.7569421932979876 1.0571625027139486 0.1751423610260149 0.0546358364708151 -0.9548451833056836 1.9175198573285344 1.9553286461071904
1.1281903951858037 0.0390868337202923 0.1751423610260149 0.0546358364708151 0.2465327668561199 0.831807661228847 -1.616870300532697
0.0516483845575233 0.4972208847674376 0.1751423610260149 0.0546358364708151 0.6670150494127511 1.0405984681710945 1.2408888567792131
-0.5512151413943137 0.5481246682171205 0.1751423610260149 0.0546358364708151 -0.8347073882895031 1.332905597890241 -1.5748444305722278
0.783696951784754 0.6499322351164861 0.1751423610260149 0.0546358364708151 0.0663260743318494 1.332905597890241 1.1568371168582745
0.3530801475334418 0.5990284516668033 0.1751423610260149 0.0546358364708151 0.5468772543965708 1.4581800820555897 1.5770958164629674
0.0516483845575233 0.700836018566169 0.1751423610260149 0.0546358364708151 0.3066016643642101 1.2493892751133422 1.40899233662109
0.7406352713596228 -2.047968287716703 0.1751423610260149 0.0546358364708151 0.7270839469208412 1.6252127276093875 1.7031734263443752
0.1377717454077857 -0.1645283000784389 0.1751423610260149 0.0546358364708151 0.3666705618723002 1.3746637592786906 1.4930440765420288
-0.6373385022445761 -2.047968287716703 0.1751423610260149 0.0546358364708151 0.606946151904661 1.5834545662209385 1.6611475563839058
1.2143137560360662 -0.0627207331790733 0.1751423610260149 0.0546358364708151 0.4868083568884805 1.7504872117747363 1.829251036225783
-0.5512151413943137 -0.0118169497293904 0.1751423610260149 0.0546358364708151 -0.113880618192421 1.7504872117747363 1.829251036225783
-0.034474976292739 -2.0988720711663857 0.1751423610260149 0.0546358364708151 0.8472217419370216 1.165872952336443 1.3249405967001515
1.0851287147606723 -2.0988720711663857 0.1751423610260149 0.0546358364708151 1.4479107170179233 -1.6319238606896744 1.198862986818744
-1.7569421932979876 -0.419047217326853 0.1751423610260149 0.0546358364708151 1.1475662294774724 0.748291338451948 0.9887336370163976
0.8698203126350165 0.395413317868072 0.1751423610260149 0.0546358364708151 0.7270839469208412 0.831807661228847 0.8626560271349898
-1.7138805128728565 0.8026435854655345 0.1751423610260149 0.0546358364708151 0.4267394593803904 0.8735658226172964 1.072785376937336
1.6018688798622471 -0.419047217326853 0.1751423610260149 0.0546358364708151 0.8472217419370216 1.0405984681710945 1.198862986818744
-0.5081534609691825 0.2936057509687064 0.1751423610260149 0.0546358364708151 1.2076351269855623 -1.5484075379127755 -1.5328185606117586
0.7406352713596228 0.4463171013177548 0.1751423610260149 0.0546358364708151 1.087497331969382 1.3746637592786906 1.4930440765420288
-1.670818832447725 -2.0988720711663857 0.1751423610260149 0.0546358364708151 0.5468772543965708 1.6669708889978372 1.5770958164629674
-1.7138805128728565 -2.047968287716703 -5.709640969448079 0.0546358364708151 0.4267394593803904 1.2911474365017916 -1.5748444305722278
-1.2832637086215444 0.2936057509687064 0.1751423610260149 0.0546358364708151 -0.8347073882895031 -0.29566269625929 0.1061903678465429
1.2143137560360662 -1.9461607208173373 0.1751423610260149 0.0546358364708151 1.1475662294774724 0.7900494998403974 0.9887336370163976
-1.8861272345733813 0.0390868337202923 0.1751423610260149 0.0546358364708151 0.606946151904661 1.332905597890241 1.4930440765420288
1.8602389624130344 0.4972208847674376 0.1751423610260149 0.0546358364708151 0.2465327668561199 1.082356629559544 1.2829147267396823
-1.670818832447725 0.0390868337202923 0.1751423610260149 0.0546358364708151 0.5468772543965708 1.332905597890241 1.1568371168582745
-1.4555104303220692 -0.1136245166287561 0.1751423610260149 0.0546358364708151 0.967359536953202 -1.6319238606896744 1.198862986818744
0.6545119105093603 0.3445095344183892 0.1751423610260149 0.0546358364708151 0.4267394593803904 0.8735658226172964 0.2742938476884199
-0.5512151413943137 -0.419047217326853 0.1751423610260149 0.0546358364708151 -0.0538117206843309 0.7900494998403974 0.9887336370163976
0.7406352713596228 1.0062587192642658 0.1751423610260149 0.0546358364708151 1.1475662294774724 0.8735658226172964 1.072785376937336
-0.2067216979932639 0.2936057509687064 0.1751423610260149 0.0546358364708151 0.3666705618723002 1.2076311137248923 1.366966466660621
-0.5081534609691825 1.1080662861636317 0.1751423610260149 0.0546358364708151 0.3066016643642101 1.2493892751133422 1.40899233662109
0.5253268692339667 -0.5717585676759015 0.1751423610260149 0.0546358364708151 0.5468772543965708 1.7087290503862869 1.4930440765420288
0.5683885496590979 0.5481246682171205 0.1751423610260149 0.0546358364708151 0.4868083568884805 -1.590165699301225 1.535069946502498
0.2238951062580482 -2.0988720711663857 0.1751423610260149 0.0546358364708151 0.606946151904661 0.6647750156750488 0.904681897095459
-1.7569421932979876 0.5990284516668033 0.1751423610260149 0.0546358364708151 1.4479107170179233 0.6230168542865994 0.8626560271349898
-1.7138805128728565 0.0390868337202923 0.1751423610260149 0.0546358364708151 -0.113880618192421 1.4581800820555897 1.5770958164629674
-0.3789684196937888 0.0899906171699751 0.1751423610260149 0.0546358364708151 -0.4742940032409621 1.2493892751133422 1.40899233662109
0.5253268692339667 0.4972208847674376 0.1751423610260149 0.0546358364708151 0.606946151904661 -1.6319238606896744 1.198862986818744
-0.42203010011892 0.0899906171699751 0.1751423610260149 0.0546358364708151 0.2465327668561199 0.9570821453941954 1.1148112468978053
-0.2928450588435264 -0.2154320835281217 0.1751423610260149 0.0546358364708151 0.3066016643642101 1.082356629559544 1.2408888567792131
-0.4650917805440512 0.2936057509687064 0.1751423610260149 0.0546358364708151 0.8472217419370216 1.0405984681710945 1.198862986818744
-0.6373385022445761 -0.0627207331790733 0.1751423610260149 0.0546358364708151 -2.5166365185160275 1.3746637592786906 1.535069946502498
0.6545119105093603 1.0571625027139486 0.1751423610260149 0.0546358364708151 -0.0538117206843309 1.7087290503862869 1.7872251662653136
0.0947100649826545 0.1917981840693407 0.1751423610260149 0.0546358364708151 0.3066016643642101 1.2911474365017916 1.072785376937336
-1.4985721107472003 -2.047968287716703 0.1751423610260149 0.0546358364708151 0.6670150494127511 1.082356629559544 0.9467077670559284
-0.6373385022445761 -0.4699510007765358 0.1751423610260149 0.0546358364708151 0.6670150494127511 2.0010361801054333 2.039380386028129
0.9559436734852788 0.2936057509687064 0.1751423610260149 0.0546358364708151 1.4479107170179233 1.2076311137248923 1.366966466660621
0.99900535391041 -0.3172396504274873 0.1751423610260149 0.0546358364708151 0.606946151904661 1.2493892751133422 1.40899233662109
0.2669567866831794 0.4463171013177548 0.1751423610260149 0.0546358364708151 0.9072906394451118 1.2493892751133422 1.40899233662109
0.0085867041323921 0.700836018566169 0.1751423610260149 0.0546358364708151 -0.6545006957652326 1.2493892751133422 -0.9444563811651888
-0.42203010011892 -0.0118169497293904 0.1751423610260149 0.0546358364708151 -0.5343629007490522 1.3746637592786906 -1.1966116009280043
-1.972250595423644 0.2936057509687064 0.1751423610260149 0.0546358364708151 -0.7145695932733227 0.8735658226172964 -0.0619131119953341
-1.9291889149985129 0.1917981840693407 0.1751423610260149 0.0546358364708151 -0.3541562082247818 0.8735658226172964 -1.028508121086127
-1.84306555414825 0.2936057509687064 0.1751423610260149 0.0546358364708151 -0.2940873107166916 0.6230168542865994 -0.4821718116000268
0.6545119105093603 0.0899906171699751 0.1751423610260149 0.0546358364708151 -2.8169810060564786 -1.590165699301225 -0.5662235515209654
0.7406352713596228 1.515296553761094 0.1751423610260149 0.0546358364708151 1.027428434461292 1.1241147909479936 0.8626560271349898
1.0851287147606723 0.3445095344183892 0.1751423610260149 0.0546358364708151 1.027428434461292 -1.882472829020372 2.2495097358304754
1.6879922407125094 0.395413317868072 0.1751423610260149 0.0546358364708151 0.3666705618723002 0.2471934017905537 -0.4401459416395575
0.7406352713596228 0.1917981840693407 0.1751423610260149 0.0546358364708151 0.4267394593803904 1.2493892751133422 1.40899233662109
1.257375436461197 0.4972208847674376 -5.709640969448079 -18.303005217723125 -2.576705416024118 0.0384025948483061 -1.7849737803745742
-1.670818832447725 -0.3172396504274873 -5.709640969448079 0.0546358364708151 0.2465327668561199 1.4999382434440391 1.6191216864234366
1.1281903951858037 -0.1645283000784389 0.1751423610260149 0.0546358364708151 1.087497331969382 1.2911474365017916 1.40899233662109
1.4296221581617223 -0.2154320835281217 0.1751423610260149 0.0546358364708151 1.1475662294774724 1.4581800820555897 1.5770958164629674
1.6018688798622471 0.1408944006196579 0.1751423610260149 0.0546358364708151 1.087497331969382 1.2493892751133422 1.40899233662109
0.99900535391041 -0.1136245166287561 0.1751423610260149 0.0546358364708151 0.7270839469208412 1.165872952336443 1.3249405967001515
1.4296221581617223 -0.4699510007765358 0.1751423610260149 0.0546358364708151 -0.0538117206843309 1.4999382434440391 -1.616870300532697
1.386560477736591 -0.6226623511255843 0.1751423610260149 0.0546358364708151 0.606946151904661 1.2911474365017916 1.40899233662109
1.257375436461197 -0.419047217326853 0.1751423610260149 0.0546358364708151 1.027428434461292 -1.6319238606896744 1.198862986818744
0.5683885496590979 -0.8262774849243155 0.1751423610260149 0.0546358364708151 1.027428434461292 1.2076311137248923 1.3249405967001515
0.9128819930601476 -0.419047217326853 0.1751423610260149 0.0546358364708151 0.4267394593803904 0.748291338451948 0.9467077670559284
0.8698203126350165 0.1408944006196579 0.1751423610260149 0.0546358364708151 0.4267394593803904 -1.6319238606896744 1.198862986818744
0.783696951784754 0.0390868337202923 0.1751423610260149 0.0546358364708151 0.0663260743318494 1.1241147909479936 1.2829147267396823
1.300437116886329 1.3116814199623628 0.1751423610260149 0.0546358364708151 -2.5166365185160275 1.0405984681710945 1.2408888567792131
1.6449305602873785 0.1917981840693407 0.1751423610260149 0.0546358364708151 0.4868083568884805 1.332905597890241 1.198862986818744
1.3434987973114598 0.4972208847674376 0.1751423610260149 0.0546358364708151 0.2465327668561199 1.332905597890241 1.198862986818744
1.5157455190119846 -0.0627207331790733 0.1751423610260149 0.0546358364708151 -0.2940873107166916 0.8735658226172964 0.9467077670559284
0.5253268692339667 -1.9970645042670203 0.1751423610260149 0.0546358364708151 0.7270839469208412 1.1241147909479936 1.2829147267396823
0.7406352713596228 -0.1645283000784389 0.1751423610260149 0.0546358364708151 0.0663260743318494 1.2911474365017916 -1.5748444305722278
0.6975735909344916 -0.1645283000784389 0.1751423610260149 0.0546358364708151 0.6670150494127511 1.3746637592786906 1.4930440765420288
1.7310539211376408 -0.3172396504274873 0.1751423610260149 0.0546358364708151 0.7270839469208412 1.7922453731631858 -1.5328185606117586
1.5157455190119846 0.395413317868072 0.1751423610260149 0.0546358364708151 0.606946151904661 1.7087290503862869 1.7872251662653136
1.774115601562772 0.1917981840693407 0.1751423610260149 0.0546358364708151 0.8472217419370216 1.2493892751133422 1.40899233662109
0.0516483845575233 0.0390868337202923 0.1751423610260149 0.0546358364708151 0.9072906394451118 1.165872952336443 1.3249405967001515
1.300437116886329 -0.2154320835281217 0.1751423610260149 0.0546358364708151 -2.5166365185160275 0.5395005315097003 0.6945525472931127
-1.670818832447725 0.395413317868072 0.1751423610260149 0.0546358364708151 -2.3964987234998474 1.6669708889978372 1.7451992963048444
0.783696951784754 -0.0118169497293904 0.1751423610260149 0.0546358364708151 1.2076351269855623 0.6230168542865994 0.8626560271349898
1.5157455190119846 0.3445095344183892 0.1751423610260149 0.0546358364708151 0.606946151904661 1.332905597890241 -1.5748444305722278
1.171252075610935 -0.978988835273364 0.1751423610260149 0.0546358364708151 0.606946151904661 1.2076311137248923 1.366966466660621
0.1377717454077857 0.8026435854655345 -5.709640969448079 0.0546358364708151 0.5468772543965708 1.0405984681710945 1.198862986818744
1.817177281987903 -0.1645283000784389 0.1751423610260149 0.0546358364708151 0.3066016643642101 1.1241147909479936 1.2408888567792131
1.6449305602873785 0.4463171013177548 0.1751423610260149 0.0546358364708151 1.6881863070502838 1.9175198573285344 -1.616870300532697
0.7406352713596228 0.2936057509687064 0.1751423610260149 0.0546358364708151 1.027428434461292 1.082356629559544 1.2829147267396823
1.7310539211376408 0.4972208847674376 0.1751423610260149 0.0546358364708151 0.967359536953202 1.4581800820555897 1.5770958164629674
1.4296221581617223 0.4463171013177548 0.1751423610260149 0.0546358364708151 -2.5166365185160275 0.831807661228847 0.9467077670559284
0.4822651888088355 -0.3681434338771702 0.1751423610260149 0.0546358364708151 -2.4565676210079377 0.1219189176252051 -0.5241976815604961
1.386560477736591 -0.0627207331790733 0.1751423610260149 0.0546358364708151 -0.113880618192421 1.1241147909479936 0.9467077670559284
1.386560477736591 1.1589700696133145 0.1751423610260149 0.0546358364708151 2.1687374871150054 -1.757198344855023 -0.6923011614023732
0.7406352713596228 1.209873853062997 0.1751423610260149 0.0546358364708151 1.087497331969382 -0.2121463734823909 -0.7343270313628424
0.9128819930601476 2.1770457386069704 0.1751423610260149 0.0546358364708151 1.5680485120341037 -1.7154401834665736 -0.8604046412442502
0.6545119105093603 1.515296553761094 0.1751423610260149 0.0546358364708151 0.2465327668561199 -0.5462116645899872 -0.5241976815604961
0.9128819930601476 1.9734306048082395 0.1751423610260149 0.0546358364708151 1.6281174095421935 0.3307097245674527 -0.356094201718619
1.2143137560360662 -1.844353153917972 0.1751423610260149 0.0546358364708151 0.606946151904661 0.2889515631790032 -0.6923011614023732
1.171252075610935 1.9734306048082395 0.1751423610260149 0.0546358364708151 2.348944179639276 0.4977423701212508 -0.6923011614023732
1.257375436461197 1.566200337210777 0.1751423610260149 0.0546358364708151 2.1687374871150054 0.4559842087328012 -1.7849737803745742
1.3434987973114598 0.5990284516668033 0.1751423610260149 0.0546358364708151 2.469081974655456 0.2889515631790032 -1.8269996503350436
1.2143137560360662 1.6680079041101423 0.1751423610260149 0.0546358364708151 1.6881863070502838 0.3307097245674527 -1.280663340848943
0.9559436734852788 1.566200337210777 0.1751423610260149 0.0546358364708151 2.228806384623095 -0.0451137279285929 -0.7763529013233117
0.4392035083837042 1.1589700696133145 0.1751423610260149 0.0546358364708151 1.808324102066464 -0.4209371804246385 -0.0198872420348648
0.8267586322098852 0.2936057509687064 0.1751423610260149 0.0546358364708151 1.1475662294774724 0.3307097245674527 -0.5241976815604961
0.2669567866831794 1.8207192544591908 0.1751423610260149 0.0546358364708151 1.5079796145260134 -0.3374208576477395 -0.3140683317581497
0.783696951784754 0.5990284516668033 0.1751423610260149 0.0546358364708151 -2.3964987234998474 -0.5462116645899872 -0.818378771283781
-1.7138805128728565 1.566200337210777 -5.709640969448079 0.0546358364708151 1.808324102066464 0.5395005315097003 0.2742938476884199
0.99900535391041 0.700836018566169 0.1751423610260149 0.0546358364708151 1.808324102066464 -0.29566269625929 -1.028508121086127
0.7406352713596228 0.1917981840693407 0.1751423610260149 0.0546358364708151 1.9284618970826448 -0.0451137279285929 -0.7343270313628424
1.0851287147606723 1.3116814199623628 0.1751423610260149 0.0546358364708151 1.2677040244936528 -0.1286300507054919 -0.3981200716790883
0.9559436734852788 0.9044511523649 0.1751423610260149 0.0546358364708151 1.5680485120341037 -1.757198344855023 -1.7849737803745742
1.3434987973114598 0.5990284516668033 -5.709640969448079 0.0546358364708151 -0.5944317982571424 0.3307097245674527 -1.8690255202955128
0.8698203126350165 0.1917981840693407 -5.709640969448079 0.0546358364708151 0.4267394593803904 0.4142260473443517 -0.3981200716790883
1.0851287147606723 0.0390868337202923 -5.709640969448079 0.0546358364708151 0.3066016643642101 0.5395005315097003 -1.7849737803745742
0.9128819930601476 0.4972208847674376 -5.709640969448079 0.0546358364708151 1.1475662294774724 0.4977423701212508 -1.2386374708884735
0.9559436734852788 0.1917981840693407 -5.709640969448079 0.0546358364708151 0.9072906394451118 0.3724678859559022 -0.7343270313628424
1.2143137560360662 0.1917981840693407 0.1751423610260149 0.0546358364708151 -0.2940873107166916 0.3307097245674527 -0.3981200716790883
-1.670818832447725 0.8026435854655345 0.1751423610260149 0.0546358364708151 0.5468772543965708 0.2471934017905537 -0.1039389819558034
0.8698203126350165 2.0752381717076047 0.1751423610260149 0.0546358364708151 -0.7746384907814129 -0.2121463734823909 -0.3981200716790883
1.171252075610935 1.6680079041101423 0.1751423610260149 0.0546358364708151 0.6670150494127511 0.2054352404021042 -0.6082494214814346
0.8267586322098852 0.5990284516668033 0.1751423610260149 0.0546358364708151 0.0062571768237592 0.0384025948483061 0.2322679777279507
1.1281903951858037 2.0752381717076047 0.1751423610260149 0.0546358364708151 -1.7958097484189457 0.3724678859559022 -1.028508121086127
0.9128819930601476 -1.9461607208173373 0.1751423610260149 0.0546358364708151 -0.0538117206843309 -0.0451137279285929 -0.5241976815604961
0.9128819930601476 1.8207192544591908 0.1751423610260149 0.0546358364708151 0.4267394593803904 0.1219189176252051 -0.9444563811651888
0.9128819930601476 0.8026435854655345 0.1751423610260149 0.0546358364708151 0.2465327668561199 -0.379179019036189 -0.3140683317581497
0.7406352713596228 -2.2515834215154342 0.1751423610260149 0.0546358364708151 -0.7145695932733227 0.2054352404021042 0.1482162378070121
0.4822651888088355 0.700836018566169 0.1751423610260149 0.0546358364708151 -0.4742940032409621 0.0384025948483061 -0.5241976815604961
1.0851287147606723 1.3116814199623628 0.1751423610260149 0.0546358364708151 -2.576705416024118 0.3307097245674527 -0.2720424617976805
0.8698203126350165 1.4643927703114112 0.1751423610260149 0.0546358364708151 -0.9548451833056836 -0.3374208576477395 -0.1039389819558034
0.9128819930601476 1.8207192544591908 0.1751423610260149 0.0546358364708151 -1.3152585683542244 -0.1703882120939414 -0.8604046412442502
0.783696951784754 1.3625852034120456 0.1751423610260149 0.0546358364708151 0.1263949718399395 -0.1703882120939414 -1.112559861007066
0.9559436734852788 1.8716230379088736 0.1751423610260149 0.0546358364708151 -0.5343629007490522 0.7900494998403974 0.4423973275302971
-0.5942768218194449 -0.3172396504274873 0.1751423610260149 0.0546358364708151 0.3666705618723002 -0.7550024715322347 -0.3140683317581497
-1.670818832447725 0.955354935814583 0.1751423610260149 0.0546358364708151 0.0062571768237592 0.2054352404021042 0.0641644978860736
0.7406352713596228 0.5990284516668033 0.1751423610260149 0.0546358364708151 0.1263949718399395 -1.6319238606896744 -1.8269996503350436
1.2143137560360662 1.8716230379088736 0.1751423610260149 0.0546358364708151 0.1263949718399395 0.1219189176252051 -0.1879907218767419
0.7406352713596228 2.0752381717076047 0.1751423610260149 0.0546358364708151 -0.4742940032409621 0.0384025948483061 -0.4821718116000268
0.7406352713596228 1.9225268213585565 0.1751423610260149 0.0546358364708151 -2.576705416024118 -0.29566269625929 -1.112559861007066
0.7406352713596228 1.3116814199623628 0.1751423610260149 0.0546358364708151 -2.4565676210079377 -1.757198344855023 -0.2720424617976805
1.0851287147606723 2.0752381717076047 0.1751423610260149 0.0546358364708151 -2.576705416024118 0.3307097245674527 -0.5662235515209654
0.9559436734852788 1.6680079041101423 0.1751423610260149 0.0546358364708151 -0.2340184132086014 -0.0868718893170424 -0.1459648519162726
0.783696951784754 1.9734306048082395 0.1751423610260149 0.0546358364708151 -0.5944317982571424 -0.0451137279285929 -1.7429479104141048
1.2143137560360662 0.0899906171699751 0.1751423610260149 0.0546358364708151 -2.5166365185160275 0.4559842087328012 -0.1459648519162726
1.257375436461197 1.9734306048082395 0.1751423610260149 0.0546358364708151 -0.7145695932733227 0.2471934017905537 -0.5241976815604961
0.7406352713596228 1.0062587192642658 0.1751423610260149 0.0546358364708151 -0.4742940032409621 -0.0868718893170424 -0.4401459416395575
0.99900535391041 1.1080662861636317 0.1751423610260149 0.0546358364708151 -2.636774313532208 -0.29566269625929 -0.9024305112047196
-1.670818832447725 1.3116814199623628 0.1751423610260149 0.0546358364708151 -0.2940873107166916 1.5834545662209385 1.6611475563839058
0.99900535391041 -1.8952569373676549 0.1751423610260149 0.0546358364708151 -0.0538117206843309 0.4559842087328012 -0.818378771283781
0.783696951784754 1.0571625027139486 0.1751423610260149 0.0546358364708151 -0.3541562082247818 -0.29566269625929 -1.8269996503350436
0.7406352713596228 -1.8952569373676549 0.1751423610260149 0.0546358364708151 -0.0538117206843309 -0.6297279873668862 -0.6923011614023732
0.8698203126350165 1.3116814199623628 0.1751423610260149 0.0546358364708151 -0.3541562082247818 -1.7154401834665736 -0.4401459416395575
0.99900535391041 0.700836018566169 0.1751423610260149 0.0546358364708151 -0.0538117206843309 -0.0868718893170424 0.2742938476884199
0.9559436734852788 1.1080662861636317 0.1751423610260149 0.0546358364708151 0.1263949718399395 -1.757198344855023 -0.4821718116000268
0.783696951784754 1.6680079041101423 0.1751423610260149 0.0546358364708151 -2.5166365185160275 -0.4209371804246385 -0.3140683317581497
0.6975735909344916 1.6680079041101423 0.1751423610260149 0.0546358364708151 0.0062571768237592 0.1219189176252051 0.3583455876093585
1.300437116886329 1.4134889868617284 0.1751423610260149 0.0546358364708151 -0.1739495157005112 -0.29566269625929 -0.2720424617976805
0.783696951784754 1.8207192544591908 0.1751423610260149 0.0546358364708151 -0.5944317982571424 -0.29566269625929 -0.0619131119953341
-0.7234618630948385 -0.3172396504274873 0.1751423610260149 0.0546358364708151 0.3066016643642101 -1.757198344855023 0.1061903678465429
0.6975735909344916 1.9225268213585565 0.1751423610260149 0.0546358364708151 -0.0538117206843309 -0.4209371804246385 -1.7429479104141048
0.4392035083837042 0.4463171013177548 0.1751423610260149 0.0546358364708151 -0.2340184132086014 -0.379179019036189 -1.7849737803745742
0.99900535391041 1.0571625027139486 0.1751423610260149 0.0546358364708151 -0.3541562082247818 -1.7154401834665736 -0.8604046412442502
0.99900535391041 1.0062587192642658 0.1751423610260149 0.0546358364708151 0.967359536953202 0.0801607562367556 -0.1879907218767419
-0.1205983371430015 0.700836018566169 0.1751423610260149 0.0546358364708151 0.3066016643642101 0.1219189176252051 0.4423973275302971
1.2143137560360662 0.5481246682171205 0.1751423610260149 0.0546358364708151 0.0062571768237592 0.915323984005746 -1.7849737803745742
1.0851287147606723 0.5990284516668033 0.1751423610260149 0.0546358364708151 0.0663260743318494 -0.4626953418130881 -0.5662235515209654
0.6545119105093603 -1.9970645042670203 0.1751423610260149 0.0546358364708151 -0.1739495157005112 -0.29566269625929 -0.3140683317581497
0.5683885496590979 0.8026435854655345 0.1751423610260149 0.0546358364708151 -0.2940873107166916 -0.1703882120939414 -0.356094201718619
1.2143137560360662 1.4643927703114112 0.1751423610260149 0.0546358364708151 -0.9548451833056836 0.2889515631790032 0.2742938476884199
