
DATA_PATH, n, d, k: /home/philipp/data-for-pc-sos-sdp-solver/glass.txt 214 9 6
CONSTRAINTS_PATH: /home/philipp/data-for-pc-sos-sdp-solver/glass_constraints_0.2.txt
LOG_PATH: /home/philipp/data-for-pc-sos-sdp-solver/glass_log_0.2.txt

BRANCH_AND_BOUND_TOL: 0.0001
BRANCH_AND_BOUND_PARALLEL: 16
BRANCH_AND_BOUND_MAX_NODES: 200
BRANCH_AND_BOUND_VISITING_STRATEGY: 0

SDP_SOLVER_SESSION_THREADS_ROOT: 16
SDP_SOLVER_SESSION_THREADS: 1
SDP_SOLVER_FOLDER: /home/pc-sos-sdp/SDPNAL+/
SDP_SOLVER_TOL: 1e-05
SDP_SOLVER_VERBOSE: 1
SDP_SOLVER_MAX_CP_ITER_ROOT: 80
SDP_SOLVER_MAX_CP_ITER: 40
SDP_SOLVER_CP_TOL: 1e-06
SDP_SOLVER_MAX_INEQ: 100000
SDP_SOLVER_INHERIT_PERC: 1
SDP_SOLVER_EPS_INEQ: 0.0001
SDP_SOLVER_EPS_ACTIVE: 1e-06
SDP_SOLVER_MAX_PAIR_INEQ: 100000
SDP_SOLVER_PAIR_PERC: 0.05
SDP_SOLVER_MAX_TRIANGLE_INEQ: 100000
SDP_SOLVER_TRIANGLE_PERC: 0.05


|    N| NODE_PAR|    NODE|      LB_PAR|          LB|  FLAG|  TIME (s)| CP_ITER| CP_FLAG|   CP_INEQ|     PAIR  TRIANGLE    CLIQUE|          UB|         GUB|     I      J|     NODE_GAP|          GAP|  OPEN|
|   50|       -1|       0|        -inf|      1403.6|     0|        60|       4|      -3|       996|    28.25      1532         0|     1413.56|    1413.56*|    -1     -1|   0.00705081|   0.00705081|     0|
|   49|        0|       1|      1403.6|      1406.9|     0|        24|       2|      -3|      1127|      1.5       404         0|      1413.5|     1413.5*|    20     49|   0.00466682|   0.00466682|     0|
|   50|        0|       2|      1403.6|     1406.03|     0|        30|       3|      -3|       904|  2.66667   476.667         0|     1413.56|      1413.5|    20     49|   0.00528188|   0.00528188|     0|
|   50|        2|       3|     1406.03|     1416.76|     0|        10|       0|       2|       904|        0         0         0|         inf|      1413.5|    19     20|  -0.00231095|  -0.00231095|     0|
|   48|        1|       4|      1406.9|     1409.16|     0|        24|       2|      -3|      1404|      6.5     561.5         0|      1413.5|      1413.5|    22     32|   0.00306829|   0.00306829|     0|
|   49|        1|       5|      1406.9|     1408.84|     0|        40|       3|      -3|       903| 0.333333   299.333         0|     1447.06|      1413.5|    22     32|   0.00329501|   0.00329501|     0|
|   49|        2|       6|     1406.03|     1411.75|     0|        40|       4|      -3|      1190|      1.5    612.25         0|     1412.43|    1412.43*|    19     20|  0.000478844|  0.000478844|     0|
|   48|        4|       7|     1409.16|     1410.01|     0|        43|       3|      -3|       804|        0   303.667         0|     1426.78|     1412.43|    27     46|   0.00171242|   0.00171242|     0|
|   48|        6|       8|     1411.75|     1412.89|     0|        21|       1|       2|      1289|        2       690         0|         inf|     1412.43|    27     48| -0.000327243| -0.000327243|     0|
|   49|        5|       9|     1408.84|      1409.3|     0|        39|       2|       3|       760|      0.5     273.5         0|     1444.09|     1412.43|    19     47|   0.00221632|   0.00221632|     0|
|   49|        6|      10|     1411.75|     1412.15|     0|        35|       2|      -3|      1153|        1     458.5         0|     1412.43|     1412.43|    27     48|  0.000194939|  0.000194939|     0|
|   48|        5|      11|     1408.84|     1409.33|     0|        44|       2|      -3|      1050|        3       514         0|     1416.74|     1412.43|    19     47|   0.00219177|   0.00219177|     0|
|   47|        4|      12|     1409.16|      1411.1|     0|        65|       6|      -3|       762| 0.333333     247.5         0|     1413.16|     1412.43|    27     46|  0.000939572|  0.000939572|     0|
|   48|        7|      13|     1410.01|     1410.25|     0|        46|       2|      -3|       708|        0     191.5         0|     1411.41|    1411.41*|    15     16|  0.000818401|  0.000818401|     0|
|   47|        7|      14|     1410.01|     1410.27|     0|        47|       2|      -3|      1008|      2.5     445.5         0|     1413.85|     1411.41|    15     16|  0.000808613|  0.000808613|     0|
|   48|       10|      15|     1412.15|     1412.31|     0|        22|       0|       2|      1001|        0         0         0|         inf|     1411.41|     2     20| -0.000635236| -0.000635236|     0|
|   47|       12|      16|      1411.1|     1412.36|     0|        33|       1|       2|       822|        0       312         0|         inf|     1411.41|    27     45| -0.000670811| -0.000670811|     0|
|   49|       10|      17|     1412.15|     1412.41|     0|        44|       1|       2|       995|        0       430         0|     1412.43|     1411.41|     2     20| -0.000709992| -0.000709992|     0|
|   49|        9|      18|      1409.3|     1409.81|     0|        65|       2|      -3|       980|        0       402         0|     1409.89|    1409.89*|    24     46|  5.86565e-05|  5.86565e-05|     0|
|   48|        9|      19|      1409.3|     1409.74|     0|        77|       4|      -3|       754|     0.75    367.75         0|     1409.91|     1409.89|    24     46|  0.000110319|  0.000110319|     0|
|   46|       12|      20|      1411.1|     1412.01|     0|        73|       4|      -3|       654|      0.5    401.25         0|     1413.16|     1409.89|    27     45|  -0.00150131|  -0.00150131|     0|
|   47|       11|      21|     1409.33|     1412.35|     0|        79|       3|       2|       941|  1.66667   562.333         0|         inf|     1409.89|    24     32|  -0.00174163|  -0.00174163|     0|
|   48|       11|      22|     1409.33|     1410.23|     0|        77|       3|      -3|       791| 0.666667   267.333         0|     1416.74|     1409.89|    24     32| -0.000237221| -0.000237221|     0|
|   48|       19|      23|     1409.74|     1409.88|     0|        14|       0|       2|       754|        0         0         0|     1409.91|     1409.89|    19     45|  1.14125e-05|  1.14125e-05|     0|
|   47|       19|      24|     1409.74|     1409.81|     0|        17|       1|       2|       898|        1       490         0|     1439.95|     1409.89|    19     45|  5.97063e-05|  5.97063e-05|     0|

WALL_TIME: 434 sec
N_NODES: 25
AVG_INEQ: 411.89
AVG_CP_ITER: 2.28
ROOT_GAP: 0.00705081
GAP: 0
BEST: 1409.89

