214 9 6
-0.817808337150451 -0.654694438045935 0.5183184173233821 -0.0887909813636877 0.8062886502499632 0.295198931331275 -0.6434820724280388 -0.3574417016292434 0.8648475735681748
-0.2388246301873678 -0.5327321869437486 0.5932054261951302 -0.4689452474531843 0.4458506893924077 0.2379341741429751 -0.3032830038538283 -0.3574417016292434 -0.4618720016546883
1.242471347367403 0.9714689099832144 0.7897838244834681 -1.957345848583248 -1.1400763383808292 -0.5924048050873741 0.4300349884061375 -0.3574417016292434 -0.4618720016546883
1.2725484230537951 -0.2481536010386482 0.7554606120839168 -1.3130165840247787 -0.8589347289119337 -0.5637724264932242 0.9026039547898932 -0.3574417016292434 -0.4618720016546883
-0.2689017058737598 -0.0286215490547121 0.6774533111758462 -0.5140482959722771 0.1719178391406647 0.1138605335683253 -0.4847225070934066 -0.3574417016292434 0.1462078036557905
0.8665079012875027 0.3372652042518451 0.630648930631004 -0.6493574415295555 -0.8949785249976783 -0.6305813098795741 0.3090753195797515 -0.3574417016292434 -0.4618720016546883
-0.2689017058737598 -0.3213309516999588 0.6431300987762952 -0.791109879732419 0.7486185765127609 0.1138605335683253 -0.5074024449983541 -0.3574417016292434 -0.4618720016546883
0.2424085807948313 0.5974513399365086 0.7273779837570113 -0.5333781739090312 -0.6859245077003086 -0.6687578146717741 -0.0462437075977576 -0.3574417016292434 -0.4618720016546883
-0.1410741342066303 -0.2481536010386482 0.5526416297229334 -0.0694611034269335 -0.0227186597223998 0.1424929121624751 -0.3713228175686693 -0.3574417016292434 -0.4618720016546883
0.204812236186878 0.2071721364095144 0.4621531606695715 -0.4302854915796765 -0.7435945814375108 0.1424929121624751 -0.0386837282961076 -0.3574417016292434 -0.4618720016546883
-2.0509684402925243 -0.516470553463458 0.5464010456502876 -0.6493574415295555 0.4170156525238156 0.1902135431527251 -0.4318026519818629 -0.3574417016292434 1.251807449674843
0.4604673795212102 0.4836199055744684 0.6212880545220356 -0.2498732975033048 -1.204955171335184 -0.5828606788893241 -0.2050032729323885 1.0312562000996894 -0.4618720016546883
-0.2463438991090024 0.581189706456218 0.6368895147036495 -0.1725537857562887 0.0926214877520047 -0.0293013594024246 -0.7946816584610209 -0.3574417016292434 -0.4618720016546883
-0.1711512098930223 -0.898618940250308 0.683693895248492 -0.5720379297825394 0.5828171145182882 0.1711252907566252 -0.182323335027441 -0.3574417016292434 -0.4618720016546883
-0.3816907396977665 -0.0448831825350048 0.5682430899045476 -0.5913678077192936 0.2512141905293431 0.0088751453897752 -0.3713228175686693 -0.3574417016292434 -0.4618720016546883
-0.2989787815601518 -0.7034793384868088 0.5682430899045476 -0.6106976856560478 0.791871131815658 0.0947722811722251 -0.2881630452505295 -0.3574417016292434 -0.4618720016546883
1.2349520784457684 0.386050104692721 0.8022649926287594 -1.454769022227642 -1.1544938568151344 -0.5065076693049241 0.5509946572325235 -0.3574417016292434 -0.4618720016546883
-0.0433236382258929 -0.6628252547860813 0.5526416297229334 -0.3078629313135672 0.3809718564380528 0.1615811645585751 -0.3713228175686693 -0.3574417016292434 -0.4618720016546883
0.2724856564812234 1.2270699986339608 0.6212880545220356 -0.1532239078195346 -0.7435945814375108 0.0947722811722251 -0.4620425691884591 -0.3574417016292434 -0.4618720016546883
-0.2463438991090024 -0.7522642389276846 0.6774533111758462 -0.35296597983266 0.4530594486095602 0.1615811645585751 -0.2806030659488808 -0.3574417016292434 -0.4618720016546883
-0.2839402437169558 -0.7360026054473919 0.6150474704493898 -0.1918836636930428 0.4674769670438654 0.1902135431527251 -0.2579231280439333 -0.3574417016292434 -0.4618720016546883
-0.1786704788145837 -0.8823573067700152 0.5932054261951302 -0.211213541629797 0.3809718564380528 0.1138605335683253 -0.1445234385191961 -0.3574417016292434 -0.4618720016546883
-0.1410741342066303 -0.7603950556678309 0.5682430899045476 -0.6493574415295555 0.4818944854781705 0.2188459217468752 -0.1369634592175474 -0.3574417016292434 -0.4618720016546883
0.0017919753036951 -0.3375925851802515 0.1095601605650921 -0.3336361018959058 0.2512141905293431 0.0852281549741752 0.0747159612286283 -0.3574417016292434 -0.4618720016546883
1.03945108648422 -0.4432932028021453 0.6712127271032008 -1.1519342678851616 -0.5633756010087331 -0.4683311645127242 0.6265944502490146 -0.3574417016292434 0.4778876974615064
-0.7952505303856203 -0.7603950556678309 0.6431300987762952 0.3493529185360713 0.4025981340895105 0.2188459217468752 -0.62836211382474 -0.3574417016292434 0.97540753817008
-0.3365751261681785 -0.4839472865028748 0.5932054261951302 0.4911053567389343 0.0926214877520047 0.0661399025780753 -0.3637628382670206 -0.3574417016292434 -0.0749121255480198
-0.2012282855794144 -0.6872177050065182 0.5526416297229334 -0.4302854915796765 0.4025981340895105 0.1711252907566252 -0.2806030659488808 -0.1735501986605719 0.7542876089662695
-0.1937090166577797 -0.2481536010386482 0.4902357889964767 -0.2305434195665511 0.1358740430549201 0.1424929121624751 -0.2579231280439333 -0.3574417016292434 -0.4618720016546883
-0.2689017058737598 0.0852098853073279 0.7336185678296572 -0.5527080518457853 0.4314331709581025 0.1424929121624751 -0.6510420517296874 -0.3574417016292434 -0.4618720016546883
1.03945108648422 -0.4432932028021453 0.6712127271032008 -1.1519342678851616 -0.4336179351000233 -0.4683311645127242 0.6265944502490146 -0.3574417016292434 0.4778876974615064
-0.3064980504817865 -0.1424529834167522 0.6368895147036495 -0.6106976856560478 0.5611908368668306 0.1234046597663752 -0.5527623208082489 -0.3574417016292434 -0.4618720016546883
-0.8779624885232351 -0.8498340398094342 0.5401604615776421 0.233373650915547 0.6981572619926929 0.2665665527371252 -0.6132421552214425 -0.3574417016292434 0.8648475735681748
-0.3816907396977665 -0.6628252547860813 0.5526416297229334 -0.2305434195665511 0.4963120039124757 0.0947722811722251 -0.3713228175686693 -0.3574417016292434 -0.4618720016546883
0.2424085807948313 0.581189706456218 0.5869648421224843 -0.2498732975033048 -1.0896150238607611 0.0184192715878253 -0.1294034799158974 -0.1355036808049847 -0.4618720016546883
0.1070617402060672 -0.2725460512590851 0.4777546208511854 -0.5333781739090312 0.0854127285348521 0.1138605335683253 -0.0916035834076525 -0.3574417016292434 0.4226077151605538
1.1071245067786388 0.1177331522679111 0.8178664528103735 -1.1326043899484075 -1.111241301512219 -0.4110664073244243 0.4073550505011901 -0.3574417016292434 0.1462078036557905
-0.2689017058737598 -0.5083397367233117 0.6368895147036495 -0.1725537857562887 0.4314331709581025 0.1138605335683253 -0.3940027554736168 -0.3574417016292434 0.1462078036557905
-0.2463438991090024 -0.7360026054473919 0.5932054261951302 -0.4302854915796765 0.7486185765127609 0.1234046597663752 -0.4015627347752668 -0.3574417016292434 -0.4618720016546883
-0.1711512098930223 0.4414986068228867 0.5588822137955789 -0.3336361018959058 0.2656317089636299 0.1615811645585751 -0.3335229210604244 -0.3574417016292434 -0.4618720016546883
-0.2764209747953944 -1.0287120080926386 0.5464010456502876 -0.1274507372371959 0.9432550753758436 0.1615811645585751 -0.2881630452505295 -0.3574417016292434 -0.1301921078489725
-0.1636319409713877 -0.8335724063291415 0.5183184173233821 -0.5140482959722771 0.3809718564380528 0.1902135431527251 -0.1445234385191961 -0.3574417016292434 1.1965274673738906
1.595876986682473 0.3779192879525746 0.7211373996843659 -1.873583044190647 -1.1689113752494211 -0.6305813098795741 1.1294033338393663 -0.3574417016292434 0.4226077151605538
1.5282035663881273 -0.1261913499364617 0.6212880545220356 -1.2550269502145166 -0.8589347289119337 -0.5828606788893241 0.8533938292984891 -0.3574417016292434 -0.2960320547518304
0.8740271702090641 0.280349487070825 1.2547073378955689 -0.6944604900486487 -1.125658819946524 -0.6687578146717741 -0.1445234385191961 -0.3574417016292434 -0.4618720016546883
-0.2839402437169558 -0.7278717887072478 0.6025663023040986 0.0916212127126835 0.121456524620615 0.0661399025780753 -0.310842983155477 -0.3574417016292434 0.5884476620634117
1.242471347367403 0.9714689099832144 0.7897838244834681 -1.957345848583248 -1.1400763383808292 -0.5924048050873741 0.4300349884061375 -0.3574417016292434 -0.4618720016546883
2.73880586276537 0.7031519575584045 0.7055359395027517 -1.474098900164396 -1.399591670198267 -0.735566698058124 0.6039145123440683 -0.3574417016292434 0.0909278213548379
0.295043463246054 -0.2644152345189387 0.4496719925242802 -0.3336361018959058 -0.3831566205799553 0.1615811645585751 0.1276358163401732 -0.3574417016292434 0.1462078036557905
1.1071245067786388 0.0852098853073279 0.7336185678296572 -1.0939446340748993 -0.8300996920433235 -0.4874194169088242 0.452714926311085 -0.3574417016292434 -0.0749121255480198
-0.7200578411696403 0.142125602488348 0.6025663023040986 0.1882706023964537 0.4314331709581025 -0.1629191261751244 -0.8324815549692665 -0.3574417016292434 -0.4618720016546883
-0.2463438991090024 -0.9799271076517648 0.630648930631004 -0.2692031754400589 0.8134974094671157 0.1234046597663752 -0.3259629417587745 -0.3574417016292434 -0.4618720016546883
-0.2237860923441718 -1.0449736415729314 0.5807242580498388 -0.0308013475534253 0.633278429038338 0.1138605335683253 -0.2957230245521783 -0.3574417016292434 -0.4618720016546883
-0.1335548652849957 -0.8254415895889952 0.5526416297229334 -0.1918836636930428 0.3881806156552054 0.2188459217468752 -0.1974432936307397 -0.3574417016292434 -0.4618720016546883
-0.0959585206770423 0.0201633513861615 0.1282819127830292 -0.5140482959722771 0.2367966720950379 0.0852281549741752 0.0520360233236809 -0.3574417016292434 -0.4618720016546883
1.03945108648422 -0.3619850354006883 0.6212880545220356 -1.0939446340748993 -0.5850018786601908 -0.4110664073244243 0.6039145123440683 -0.3574417016292434 0.4226077151605538
-0.3140173194033478 -0.1749762503773354 0.6493706828489407 -0.4109556136429224 0.5467733184325254 0.0852281549741752 -0.62836211382474 -0.3574417016292434 -0.4618720016546883
-0.2914595126385905 -0.6790868882663719 0.6088068863767441 -0.35296597983266 0.712574780426998 0.0661399025780753 -0.4091227140769155 -0.3574417016292434 0.4778876974615064
-0.3290558572465439 -0.7766566891481215 0.6493706828489407 -0.3078629313135672 0.1719178391406647 0.1424929121624751 -0.182323335027441 -0.3574417016292434 -0.4618720016546883
-0.2237860923441718 -0.9311422072108912 0.6088068863767441 -0.288533053376813 0.5467733184325254 0.1711252907566252 -0.189883314329091 -0.3574417016292434 0.3120477505586486
-0.2689017058737598 -0.8579648565495784 0.5120778332507366 -0.4947184180355229 0.6981572619926929 0.1424929121624751 -0.2276832108373359 -0.3574417016292434 -0.4618720016546883
-0.2237860923441718 -1.175066709415264 0.0190716915117303 -0.3078629313135672 1.3469455915362964 0.0947722811722251 0.0671559819269796 -0.3574417016292434 0.8648475735681748
0.2273700429516353 0.2315645866299513 0.6493706828489407 -0.6751306121118946 -0.0227186597223998 -0.5446841740971241 -0.1445234385191961 -0.3574417016292434 -0.4618720016546883
-0.6298266141104641 -0.0042290988342752 0.6025663023040986 -0.3916257357061682 0.200752876009275 0.2856548051332251 -0.6056821759197926 -0.3574417016292434 -0.4618720016546883
-0.6824614965616869 -0.8579648565495784 0.4496719925242802 0.0916212127126835 0.8062886502499632 0.2665665527371252 -0.5074024449983541 -0.3574417016292434 -0.4618720016546883
2.934306854726918 0.4754890888343242 0.3248603110713671 -1.577191582493751 -2.68275081085115 -0.6401254360776241 1.8815510143227705 -0.3574417016292434 -0.4618720016546883
0.1822544294220473 0.0608174350868911 0.7960244085561136 -0.3722958577694141 -0.1380588071968227 0.1138605335683253 -0.5300823829033016 -0.3574417016292434 0.3120477505586486
0.1145810091277019 -0.5896479041247686 0.6774533111758462 0.233373650915547 -0.1885201217168724 0.1234046597663752 -0.2881630452505295 -0.3574417016292434 0.2014877859567432
1.122163044621835 0.4104425549131578 -1.16351899025462 -0.1725537857562887 -0.599419397094496 -0.2583603881556244 1.5337919664469113 -0.3574417016292434 -0.4618720016546883
-0.6899807654832483 -0.5083397367233117 0.6212880545220356 0.1882706023964537 0.2223791536607327 0.1711252907566252 -0.6434820724280388 -0.3574417016292434 -0.4618720016546883
-0.7200578411696403 -0.4920781032430211 0.5682430899045476 0.0722913347759294 0.3016755050493928 0.1615811645585751 -0.5905622173164952 -0.3574417016292434 -0.4618720016546883
-0.7651734546992284 -0.6303019878254982 0.524559001396028 0.0078584083200824 1.1898976228769338 -0.0865661165907245 -0.4847225070934066 -0.3574417016292434 -0.4618720016546883
-0.4268063532273546 0.3779192879525746 0.6930547713574604 0.7359504772711525 -0.7652208590889685 0.2188459217468752 -0.7568817619527753 -0.3574417016292434 -0.4618720016546883
-0.5621531938161187 -0.5815170873846244 0.6431300987762952 -0.3722958577694141 0.121456524620615 0.0947722811722251 -0.2503631487422834 -0.3574417016292434 -0.4618720016546883
2.5658626775686524 0.3535268377321378 -1.8655846984272555 -0.1725537857562887 -1.8249084640101771 -0.4683311645127242 3.144067557698175 -0.3574417016292434 0.0909278213548379
-0.4869605046001387 -0.1017988997160249 0.5932054261951302 0.3300230405993171 -0.1452675664139752 0.2856548051332251 -0.5981221966181438 -0.3574417016292434 -0.4618720016546883
-0.6298266141104641 0.036424984866452 0.6431300987762952 0.1882706023964537 -0.3399040652770582 0.247478300341025 -0.6510420517296874 -0.3574417016292434 -0.4618720016546883
-0.802769799307255 -0.1993687005977745 0.5307995854686735 -0.0308013475534253 0.6621134659069483 0.1711252907566252 -0.7720017205560734 -0.3574417016292434 -0.4618720016546883
-0.3064980504817865 -1.4840377455408014 0.3935067358704693 -0.5720379297825394 1.1523090926732136 0.1902135431527251 -0.0462437075977576 -0.3574417016292434 0.8648475735681748
2.107187273351137 -2.4028200371772708 -1.8655846984272555 0.8712596228284308 -0.599419397094496 0.4765373290942249 3.00798793026849 -0.3574417016292434 1.417647396577701
-0.0282851003826968 -0.215630334078065 0.8459490811372786 -0.0694611034269335 -0.4192004166657182 0.0852281549741752 -0.4544825898868104 -0.3574417016292434 0.0909278213548379
-0.1561126720498263 -0.2725460512590851 0.8459490811372786 -0.288533053376813 -0.4192004166657182 0.0852281549741752 -0.3637628382670206 -0.3574417016292434 1.0859675027719855
0.0093112442253297 -0.6872177050065182 0.683693895248492 -0.4109556136429224 -0.1092237703282124 0.1902135431527251 -0.1974432936307397 -0.3574417016292434 1.4729273788786537
-0.802769799307255 -0.3945083023612715 0.630648930631004 0.1496108465229459 0.5683995960839832 0.2665665527371252 -0.7946816584610209 -0.3574417016292434 -0.4618720016546883
-0.802769799307255 -0.3945083023612715 0.5807242580498388 0.2140437729787928 0.2728404681807825 0.2856548051332251 -0.6434820724280388 -0.3574417016292434 4.513326405431049
-0.817808337150451 -0.3619850354006883 0.5027169571417683 0.2720334067890548 0.7774536133813712 -0.6592136884737241 -0.4015627347752668 -0.3574417016292434 0.5884476620634117
-0.0583621760690889 -0.9717962909116186 0.0533949039112815 -1.2356970722777625 1.483912016662177 -0.2297280095614744 0.3241952781830503 -0.3574417016292434 0.6437276443643642
0.0318690509900871 -0.3863774856211252 0.8927534616821212 -0.5140482959722771 -0.2750252323227033 0.1615811645585751 -0.3713228175686693 -0.3574417016292434 -0.4618720016546883
0.8063537499147186 0.4510966386138852 -0.2804763439752607 -0.0308013475534253 -0.8589347289119337 -0.0102131070063246 0.6265944502490146 -0.3574417016292434 0.4778876974615064
-0.4117678153841586 -0.6384328045656444 0.6493706828489407 0.2527035288523007 0.3881806156552054 0.1711252907566252 -0.5981221966181438 -0.3574417016292434 -0.4618720016546883
-0.7350963790128363 0.6218437901569476 0.5807242580498388 -0.3916257357061682 0.2872579866150876 -0.1915515047692745 -0.7190818654445298 -0.3574417016292434 0.3120477505586486
-0.8102890682288164 -0.6790868882663719 0.5807242580498388 1.3545065712472826 0.0061163771461921 0.295198931331275 -0.6964019275395824 -0.3574417016292434 -0.4618720016546883
0.0168305131468911 -0.4839472865028748 0.6493706828489407 -0.7717800017956649 -0.404782898231413 0.2188459217468752 0.1200758370385232 -0.3574417016292434 0.3673277328596011
1.889128474624832 0.5080123557949074 0.1501239570372889 -0.5527080518457853 -1.9402486114846005 -0.6401254360776241 1.2843126494924892 -0.3574417016292434 -0.4618720016546883
-0.6072688073457068 0.1827796861890775 0.6150474704493898 0.0529614568391752 -0.2678164731055507 0.2188459217468752 -0.7039619068412317 -0.3574417016292434 -0.4618720016546883
0.0243497820685258 -0.1993687005977745 0.7460997359749484 -0.2498732975033048 -0.325486546842753 0.1234046597663752 -0.3788827968703193 -0.3574417016292434 -0.4618720016546883
-0.0809199828338462 0.0201633513861615 0.8989940457547667 -0.5333781739090312 -0.2101463993683301 0.1234046597663752 -0.5678822794115477 -0.3574417016292434 -0.4618720016546883
-0.6749422276400522 -0.0936680829758785 0.6150474704493898 0.2527035288523007 0.2728404681807825 0.1711252907566252 -0.749321782651126 -0.3574417016292434 -0.4618720016546883
-0.6298266141104641 -0.0123599155744216 0.5588822137955789 0.1496108465229459 -0.0083011412881129 0.2665665527371252 -0.6208021345230913 -0.3574417016292434 0.0909278213548379
1.2725484230537951 1.239785862408024 -1.8655846984272555 -0.894202562061774 0.0205338955804973 -0.611493057483474 1.7983912420046306 -0.3574417016292434 -0.0196321432470672
2.979422468256506 -2.923192308546598 -1.8655846984272555 -1.3967793884173798 0.5467733184325254 -0.7641990766522739 4.217584618532351 -0.3574417016292434 -0.4618720016546883
-0.4944797735217 -0.2237611508182113 0.5932054261951302 0.0722913347759294 0.2367966720950379 0.0947722811722251 -0.6056821759197926 -0.3574417016292434 -0.4618720016546883
-0.0809199828338462 -0.1017988997160249 0.8085055767014048 -0.3916257357061682 0.1575003207063779 0.0375075239839252 -0.5905622173164952 -0.3574417016292434 -0.4618720016546883
-0.5771917316593148 -0.6872177050065182 0.5744836739771931 -0.0114714696166716 0.4530594486095602 0.2856548051332251 -0.5149624243000028 0.8473646971310181 0.9201275558691274
-0.8704432196016004 1.7682889505174972 0.683693895248492 0.5941980390682895 -1.0103186724721012 -0.5160517955029742 -1.1273207477335827 -0.3574417016292434 0.2014877859567432
-0.697500034404883 -0.0692756327554417 0.6212880545220356 0.0916212127126835 0.0854127285348521 -0.0770219903926745 -0.5300823829033016 -0.3574417016292434 -0.4618720016546883
0.0769846645196752 -0.0692756327554417 0.5183184173233821 -0.0308013475534253 -0.5057055272715308 0.0184192715878253 -0.2503631487422834 -0.3574417016292434 -0.4618720016546883
-0.3516136640113745 -1.2970289605174483 0.0253122755843761 0.3686827964728254 0.2728404681807825 0.314287183727375 0.1881156507533656 -0.3574417016292434 -0.4618720016546883
-0.4268063532273546 0.0852098853073279 0.5526416297229334 0.5297651126124425 -0.1741026032825856 0.1902135431527251 -0.6812819689362842 -0.3574417016292434 -0.4618720016546883
-0.1034777895986769 -0.5083397367233117 0.7741823643018538 -0.7331202459221566 0.5323557999982202 0.0947722811722251 -0.4091227140769155 -0.3574417016292434 0.2014877859567432
-0.8102890682288164 -0.4839472865028748 0.6212880545220356 0.1302809685861918 0.5972346329525934 0.295198931331275 -0.7039619068412317 -0.3574417016292434 -0.4618720016546883
-0.8854817574447964 -0.215630334078065 0.5588822137955789 0.0529614568391752 0.763036094947066 -0.1820073785712245 -0.6510420517296874 -0.3574417016292434 -0.4618720016546883
0.0168305131468911 -0.5896479041247686 0.7336185678296572 -0.6751306121118946 -0.4840792496200731 0.2188459217468752 -0.0008838317878627 -0.3574417016292434 0.7542876089662695
5.137452648755171 -1.3620754944386149 -1.8655846984272555 -0.894202562061774 -3.2089902337031786 -0.5828606788893241 5.079422258920353 -0.3574417016292434 0.8648475735681748
3.107250039923709 -0.9474038406911816 -1.8655846984272555 -1.557861704556997 -0.8156821736090183 -0.6687578146717741 3.824465694846597 -0.3574417016292434 -0.4618720016546883
0.6033334890315357 0.6950211408182582 -0.9263767954940854 0.3686827964728254 -1.1544938568151344 -0.1629191261751244 1.1255530841578572 -0.3574417016292434 5.066126228440575
-0.1185163274418729 0.3616576544722819 0.8646708333552158 0.1882706023964537 -1.0896150238607611 0.0661399025780753 -0.5300823829033016 -0.3574417016292434 0.3673277328596011
-0.8102890682288164 -0.7278717887072478 0.5807242580498388 0.916362671347524 0.2656317089636299 0.295198931331275 -0.6964019275395824 -0.3574417016292434 -0.4618720016546883
-0.6523844208752949 -1.0531044583130775 0.5526416297229334 0.8519297448916772 0.7414098172956083 0.1997576693507752 -0.6208021345230913 -0.3574417016292434 4.513326405431049
-0.8102890682288164 -0.215630334078065 0.4559125765969257 0.0529614568391752 0.5683995960839832 -0.1629191261751244 -0.5225224036016528 -0.3574417016292434 -0.4618720016546883
-0.5997495384240722 -0.8091799561087046 0.1158007446377379 -0.0114714696166716 0.791871131815658 0.1138605335683253 -0.1218435006142487 -0.1355036808049847 0.7542876089662695
-0.5395953870512881 -0.1424529834167522 0.664972143030555 0.1689407244597 -0.1596850848482804 0.2379341741429751 -0.6510420517296874 -0.3574417016292434 1.141247485072938
1.122163044621835 -0.2644152345189387 0.6930547713574604 -0.5913678077192936 0.121456524620615 0.0661399025780753 -0.310842983155477 -0.3574417016292434 -0.4618720016546883
-0.5395953870512881 -0.6628252547860813 0.6088068863767441 0.3944559670551641 0.6260696698211854 0.2379341741429751 -0.6812819689362842 -0.3574417016292434 -0.4618720016546883
-0.7952505303856203 -0.4839472865028748 0.6088068863767441 0.1882706023964537 0.5828171145182882 0.342919562321525 -0.7417618033494773 -0.3574417016292434 -0.4618720016546883
-1.411830581956657 1.020253810424088 0.2811762225628475 1.277187059500266 -0.4840792496200731 0.9251112604025744 -1.3238802095764604 -0.3574417016292434 -0.4618720016546883
4.250178916006606 -3.2809482451130108 -1.8655846984272555 1.3158468153737743 -3.6631420643836994 0.1234046597663752 3.0457878267767367 5.9836446076352905 1.0859675027719855
0.0318690509900871 -0.0042290988342752 0.8365882050283103 -0.2305434195665511 -0.3543215837113633 0.0184192715878253 -0.4771625277917579 -0.3574417016292434 -0.4618720016546883
0.7612381363851305 0.1665180527087849 -0.4146489015371422 0.452445600865426 -0.6138369155288012 0.0470516501819753 0.4300349884061375 0.1878917209675064 0.4778876974615064
-0.5395953870512881 -0.7603950556678309 0.5807242580498388 0.1882706023964537 0.9072112792900808 0.247478300341025 -0.7417618033494773 -0.3574417016292434 -0.4618720016546883
-0.5847110005808761 -0.516470553463458 0.3435820632893042 -0.4302854915796765 0.4025981340895105 0.1234046597663752 -0.1067235420109499 -0.3574417016292434 0.8648475735681748
-0.2012282855794144 0.142125602488348 0.5027169571417683 0.1496108465229459 -0.7940558959575789 0.1234046597663752 -0.1218435006142487 -0.3574417016292434 -0.4618720016546883
-0.7501349168560323 -0.1017988997160249 0.5869648421224843 -0.211213541629797 0.0205338955804973 0.0947722811722251 -0.4393626312835117 -0.3574417016292434 -0.4618720016546883
-0.5696724627376801 -0.3375925851802515 0.5307995854686735 0.6328577949417977 -0.2245639178026353 0.1615811645585751 -0.4091227140769155 -0.3574417016292434 0.4778876974615064
0.9417005905034828 0.7519368579992782 0.7460997359749484 -1.7382738986333683 -1.111241301512219 -0.5924048050873741 0.4829548435176811 -0.3574417016292434 -0.4618720016546883
-0.6298266141104641 -0.459554836282438 0.4964763730691225 -0.3722958577694141 0.4530594486095602 0.0375075239839252 -0.2654831073455821 -0.3574417016292434 -0.4618720016546883
1.2349520784457684 0.9470764597627774 0.7617011961565626 -1.0746147561381454 -1.6663157612328574 -0.4110664073244243 0.1276358163401732 -0.3574417016292434 1.583487343480559
-0.4719219667569427 -0.6790868882663719 0.6212880545220356 -0.2692031754400589 -0.0587624558081627 0.1711252907566252 -0.1218435006142487 -0.3574417016292434 -0.4618720016546883
-0.1937090166577797 0.280349487070825 0.6712127271032008 -1.5965214604305051 0.4458506893924077 -0.6687578146717741 -0.0235637696928101 -0.3574417016292434 -0.4618720016546883
-0.1335548652849957 0.1096023355277648 0.468393744742217 0.3686827964728254 -0.9238135618662886 0.1138605335683253 -0.1067235420109499 -0.3574417016292434 4.513326405431049
-0.7501349168560323 0.0120325346460152 0.4964763730691225 -0.4496153695164301 0.042160173231955 0.1424929121624751 -0.4469226105851617 -0.3574417016292434 -0.4618720016546883
0.3251205389324461 0.280349487070825 0.5932054261951302 -1.3967793884173798 -0.0083011412881129 -0.5160517955029742 -0.0462437075977576 -0.0530695587845457 0.8648475735681748
-0.2237860923441718 0.2884803038109713 0.6774533111758462 -0.6751306121118946 0.1502915614892253 -0.5924048050873741 -0.2503631487422834 -0.3574417016292434 -0.4618720016546883
-0.0132465625395008 -0.1017988997160249 0.4559125765969257 0.1882706023964537 -0.6642982300488508 0.0947722811722251 0.0217961061170847 -0.3574417016292434 -0.4618720016546883
-0.5471146559729227 -0.215630334078065 0.6150474704493898 -0.1274507372371959 0.0565776916662601 0.0947722811722251 -0.3637628382670206 -0.3574417016292434 0.0909278213548379
-0.5997495384240722 -0.0042290988342752 0.4902357889964767 -0.3336361018959058 -0.0227186597223998 0.0375075239839252 -0.2201232315356872 -0.3574417016292434 -0.4618720016546883
-1.0659442115631486 0.7275444077788413 -0.0027703527425293 4.125122408848699 -3.562219435343581 1.8222591230192733 -2.1705978913611625 4.068636542237401 -0.4618720016546883
-1.720120607742212 -0.4839472865028748 -1.8655846984272555 3.2037315605300893 -2.7980909583255733 8.779927121397717 -1.4070399818946009 -0.3574417016292434 -0.4618720016546883
0.934181321581848 -0.5408630036838948 -1.6378033797756892 0.1302809685861918 0.9432550753758436 -0.5637724264932242 1.6245117180666997 -0.3574417016292434 1.0859675027719855
1.03945108648422 -2.915061491806453 -0.6767534325882595 0.233373650915547 1.0081339083301986 0.1234046597663752 1.866431055719473 -0.3574417016292434 -0.4618720016546883
-1.705082069899016 -0.5083397367233117 -1.8655846984272555 3.158628512010996 -2.516949348856678 8.779927121397717 -1.4297199197995485 -0.3574417016292434 -0.4618720016546883
-0.5621531938161187 -0.6790868882663719 -1.8655846984272555 0.7746102331446607 1.5776258864851422 0.7246846102435246 0.8533938292984891 -0.3574417016292434 -0.4618720016546883
1.7537816340360677 0.036424984866452 -1.8655846984272555 0.2720334067890548 -0.5633756010087331 -0.2679045143536744 2.304909855215122 -0.3574417016292434 -0.4618720016546883
0.6785261782475158 -0.0448831825350048 -1.8655846984272555 -0.0887909813636877 -0.5201230457058359 -0.2583603881556244 2.4863493584547016 -0.3574417016292434 -0.4618720016546883
0.5206215308939943 -0.1749762503773354 -1.8655846984272555 0.6328577949417977 0.4818944854781705 -0.0388454856004746 1.6547516352732972 -0.3574417016292434 -0.4618720016546883
0.7311610606987385 -0.6872177050065182 -0.7453998573873616 1.4575992535766382 -0.6138369155288012 0.4001843195098249 0.5207547400259274 0.1244808578748611 2.357407095693896
1.1071245067786388 -2.2645961525947937 -0.5581823352079921 0.233373650915547 0.2656317089636299 -0.0388454856004746 1.7227914489881384 -0.3574417016292434 -0.4618720016546883
0.4379095727563796 1.402402197210938 -1.8655846984272555 -1.7769336545068763 1.0585952228502484 -0.7641990766522739 1.5867118215584548 -0.3574417016292434 -0.4618720016546883
-2.3818162728428365 4.849868495032734 -1.8655846984272555 -2.215077554406636 3.545617152767374 -0.7641990766522739 -1.6262793816424252 -0.3574417016292434 -0.4618720016546883
0.3326398078540075 0.4592274553540315 -0.1899878749218988 -0.5140482959722771 0.1358740430549201 -0.7641990766522739 0.5661146158358222 -0.3574417016292434 -0.4618720016546883
-0.0282851003826968 1.2804399461087514 -0.3085589723021661 0.3493529185360713 -0.3543215837113633 -0.7641990766522739 0.210795588658313 -0.3574417016292434 -0.4618720016546883
0.0544268577549178 0.8251142086605909 -0.3428821847017171 0.4331157229286723 0.0205338955804973 -0.7641990766522739 0.2561554644682079 -0.3574417016292434 -0.4618720016546883
-1.772755490193361 1.207262595447441 -0.6549113883339998 0.1882706023964537 2.4354682333261155 -0.7641990766522739 -0.9610012030973016 -0.3574417016292434 -0.4618720016546883
0.1672158915788513 1.9309052853204112 -1.322653884107084 0.5941980390682895 -0.2029376401511776 -0.7641990766522739 0.694634263963857 -0.3574417016292434 -0.4618720016546883
0.2273700429516353 0.719413591038695 -0.205589335103513 0.233373650915547 -0.3687391021456502 -0.7641990766522739 0.4300349884061375 -0.3574417016292434 -0.4618720016546883
-0.6072688073457068 -1.7930087816663407 -1.8655846984272555 -0.5140482959722771 3.250058024864192 3.387495819499472 -0.0235637696928101 -0.3574417016292434 -0.4618720016546883
0.7537188674634959 1.1584776950065672 -1.8655846984272555 1.1547644992341572 0.9865076306787408 -0.7641990766522739 -0.3637628382670206 2.9462642654975792 -0.4618720016546883
-2.329181390391614 0.3372652042518451 0.3591835234709181 0.7359504772711525 0.200752876009275 1.9367886373958736 -2.480557042728777 2.039488923272751 -0.4618720016546883
-0.9230781020528231 0.5567972562357811 -1.8655846984272555 2.198577907818877 0.7414098172956083 -0.5446841740971241 0.3166352988814003 1.272217479851742 -0.4065920193537357
-0.6523844208752949 1.166608511746711 -1.8655846984272555 2.5980620518451283 0.2512141905293431 -0.7641990766522739 0.3468752160879977 0.7268840572549919 -0.4618720016546883
1.5808384488392768 0.036424984866452 0.4559125765969257 -0.4302854915796765 -0.3543215837113633 0.1615811645585751 -0.0916035834076525 -0.3574417016292434 -0.4618720016546883
-0.9606744466607764 0.8901607425817574 -1.8655846984272555 2.482082784224603 0.9432550753758436 -0.6401254360776241 0.0747159612286283 0.8727290423680762 -0.1854720901499251
-0.6147880762672682 1.182870145227004 -1.8655846984272555 0.9936821830945402 1.2316054440618736 -0.7641990766522739 -0.3410829003620731 2.800419280384495 -0.4618720016546883
-0.5095183113648961 1.402402197210938 -1.8655846984272555 1.0710016948415566 0.8134974094671157 -0.7641990766522739 -0.310842983155477 2.800419280384495 -0.0749121255480198
-0.6298266141104641 1.8658587513992468 -1.8655846984272555 0.8519297448916772 0.5828171145182882 -0.7641990766522739 -0.2050032729323885 2.4199541018286226 -0.4618720016546883
-0.389210008619328 1.6381958826751646 -1.8655846984272555 1.116104743360649 0.4674769670438654 -0.7641990766522739 -0.3032830038538283 2.844806884549347 -0.0196321432470672
-0.7275771100912749 1.8821203848795371 -1.8655846984272555 1.6573413255897635 0.8279149279014208 -0.7641990766522739 -0.1747633557257923 0.9932096822441026 -0.4618720016546883
-0.4117678153841586 0.9958613602036512 -1.8655846984272555 1.277187059500266 0.9072112792900808 -0.7641990766522739 -0.2428031694406346 3.00333404228096 -0.4618720016546883
1.746262365114433 2.9066032941379008 -0.5925055476075433 -0.2692031754400589 -2.8629697912799283 -0.2869927667497744 -0.2428031694406346 3.022357301208753 -0.4618720016546883
-1.0659442115631486 1.760158133777351 -1.8655846984272555 1.960176079932244 1.3685718691877542 -0.7641990766522739 -0.4015627347752668 0.7712716614198437 -0.4618720016546883
-0.5019990424433347 1.841466301178808 -1.8655846984272555 1.0967748654238954 1.1898976228769338 -0.7641990766522739 -0.3940027554736168 2.844806884549347 -0.4618720016546883
-0.7050193033264442 0.963338093243068 -1.8655846984272555 2.701154734174483 1.036968945198809 -0.706934319463974 0.0595960026253308 0.4478762596473525 4.513326405431049
-1.0057900601903649 1.182870145227004 -1.8655846984272555 2.436979735705511 0.5683995960839832 -0.706934319463974 0.0822759405302783 0.929798819151457 -0.4618720016546883
-0.7501349168560323 2.093949557846492 -1.8655846984272555 2.140588274008615 0.5107295223467808 -0.687846067067874 -0.0916035834076525 0.7078607983271984 -0.4618720016546883
-0.0207658314610622 1.1910009619671482 -1.8655846984272555 0.7552803552079066 0.2656317089636299 1.402317570305074 -1.7472390504688111 5.4383111850385415 -0.4618720016546883
-0.7726927236208629 1.760158133777351 -1.8655846984272555 1.8764132755396432 0.8062886502499632 -0.7641990766522739 -0.1445234385191961 0.929798819151457 4.513326405431049
-0.3591329329329359 1.573149348753998 -1.8655846984272555 1.7990937637926263 0.8062886502499632 -0.7641990766522739 -0.0084438110895114 0.9741864233163088 -0.4618720016546883
-0.7050193033264442 0.8901607425817574 -1.8655846984272555 2.8815669282508543 -0.0587624558081627 -0.6401254360776241 0.1578757335467694 1.7795043845929048 -0.4618720016546883
0.0017919753036951 1.1096927945656914 0.3997473199431148 1.554248643260408 -1.810490945575872 1.478670579889474 -2.231077725774356 2.920899920260521 -0.4618720016546883
-0.5922302695025108 1.6951115998561843 -1.8655846984272555 1.0967748654238954 0.5828171145182882 -0.7641990766522739 -0.4771625277917579 3.085768164301399 -0.4618720016546883
-0.3440943950897399 1.8821203848795371 -1.8655846984272555 0.7101773066888137 0.4314331709581025 -0.7641990766522739 -0.2428031694406346 2.762372762528908 -0.4618720016546883
-0.2313053612658064 -0.2481536010386482 0.6992953554301062 -0.3078629313135672 -0.0587624558081627 0.1138605335683253 -0.5225224036016528 -0.3574417016292434 -0.4618720016546883
-0.8930010263664311 -0.1505838001568986 0.5307995854686735 -0.4689452474531843 0.1070390061863098 0.0947722811722251 -0.2730430866472308 -0.3574417016292434 -0.4618720016546883
1.287586960896991 0.9226840095423384 0.7835432404108222 -1.3323464619615328 -1.6807332796671623 -0.7641990766522739 0.5131947607242786 -0.3574417016292434 -0.4618720016546883
0.4303903038348182 1.6625883328956017 0.7398591519023029 -2.31817023673599 -0.8156821736090183 -0.716478445662024 0.0293560854187334 -0.3574417016292434 -0.4618720016546883
-0.1937090166577797 -0.2481536010386482 0.0877181163108325 -0.3078629313135672 0.4170156525238156 0.0184192715878253 0.0444760440220321 -0.3574417016292434 4.513326405431049
1.1898364649161803 1.1584776950065672 0.8085055767014048 -1.1132745120116534 -1.6663157612328574 -0.5351400478990741 0.1351957956418219 -0.3574417016292434 -0.4618720016546883
0.2123315051084393 0.0933407020474743 0.5526416297229334 -0.1918836636930428 -0.9093960434319834 0.0852281549741752 0.0293560854187334 -0.3574417016292434 -0.4618720016546883
0.0393883199117218 0.280349487070825 0.824107036883019 -0.35296597983266 -0.8949785249976783 0.0661399025780753 -0.4469226105851617 -0.3574417016292434 1.307087431975796
-0.0583621760690889 0.3779192879525746 -1.8655846984272555 -1.7769336545068763 2.31291932663454 -0.7641990766522739 1.4279522562238227 -0.3574417016292434 -0.4618720016546883
-0.5696724627376801 -0.5896479041247686 0.5932054261951302 0.3493529185360713 0.3881806156552054 0.2188459217468752 -0.6510420517296874 -0.3574417016292434 0.6990076266653169
-0.41928708430572 -0.5083397367233117 0.5464010456502876 0.6908474287520596 0.0854127285348521 0.247478300341025 -0.5452023415066002 -0.3574417016292434 -0.4618720016546883
-0.4869605046001387 -0.9067497569904542 0.1345224968556747 0.5297651126124425 0.712574780426998 0.362007814717625 -0.2957230245521783 -0.3574417016292434 -0.4618720016546883
2.7312865938438087 -2.6711369896020805 -1.8655846984272555 -1.351676339898287 0.712574780426998 -0.7641990766522739 4.021025156689475 -0.3574417016292434 -0.4618720016546883
0.0469075888332831 -0.2644152345189387 0.6556112669215866 -0.7524501238589107 0.2223791536607327 0.1138605335683253 -0.3864427761719681 -0.1735501986605719 0.4778876974615064
-0.0809199828338462 -0.5571246371641854 0.1906877535094856 -0.0308013475534253 0.3377193011351556 0.1615811645585751 -0.1218435006142487 -0.0784339040216039 -0.4618720016546883
0.9567391283466788 1.1096927945656914 0.8459490811372786 -1.2356970722777625 -1.4860967808040797 -0.7641990766522739 0.3695551539929452 -0.3574417016292434 -0.4618720016546883
-0.6373458830320988 -1.532822645981675 0.5807242580498388 -0.1918836636930428 0.3016755050493928 0.1138605335683253 -0.3032830038538283 -0.3574417016292434 -0.4618720016546883
0.4379095727563796 -0.9474038406911816 -1.8655846984272555 0.4137858449919182 1.4118244244906513 -0.1820073785712245 1.8059512213062796 -0.3574417016292434 -0.4618720016546883
0.2574471186380274 -0.8335724063291415 -0.5800243794622519 0.832599866954923 0.042160173231955 0.1615811645585751 0.7929139948852955 -0.3574417016292434 -0.4618720016546883
0.264966387559662 0.8982915593219015 -1.8655846984272555 1.2965169374370202 0.1070390061863098 -0.7641990766522739 1.3523524632073316 -0.3574417016292434 -0.4618720016546883
-0.7350963790128363 0.5730588897160717 -0.629949052043417 0.6908474287520596 0.5683995960839832 -0.7641990766522739 -0.2050032729323885 1.1707600989035094 -0.4618720016546883
-1.0809827494063446 2.1260448870839106 -1.8655846984272555 1.618681569716255 1.0874302597188583 -0.7641990766522739 -0.4393626312835117 0.9107755602236636 -0.4618720016546883
1.3552603811913364 1.7682889505174972 -0.3366416006290716 1.2320840109811737 -3.086441327011621 0.4001843195098249 0.5585546365341735 -0.3574417016292434 -0.4618720016546883
