
DATA_PATH, n, d, k: /home/philipp/data-for-pc-sos-sdp-solver/glass.txt 214 9 6
CONSTRAINTS_PATH: /home/philipp/data-for-pc-sos-sdp-solver/glass_constraints_0.15.txt
LOG_PATH: /home/philipp/data-for-pc-sos-sdp-solver/glass_log_0.15.txt

BRANCH_AND_BOUND_TOL: 0.0001
BRANCH_AND_BOUND_PARALLEL: 16
BRANCH_AND_BOUND_MAX_NODES: 200
BRANCH_AND_BOUND_VISITING_STRATEGY: 0

SDP_SOLVER_SESSION_THREADS_ROOT: 16
SDP_SOLVER_SESSION_THREADS: 1
SDP_SOLVER_FOLDER: /home/pc-sos-sdp/SDPNAL+/
SDP_SOLVER_TOL: 1e-05
SDP_SOLVER_VERBOSE: 1
SDP_SOLVER_MAX_CP_ITER_ROOT: 80
SDP_SOLVER_MAX_CP_ITER: 40
SDP_SOLVER_CP_TOL: 1e-06
SDP_SOLVER_MAX_INEQ: 100000
SDP_SOLVER_INHERIT_PERC: 1
SDP_SOLVER_EPS_INEQ: 0.0001
SDP_SOLVER_EPS_ACTIVE: 1e-06
SDP_SOLVER_MAX_PAIR_INEQ: 100000
SDP_SOLVER_PAIR_PERC: 0.05
SDP_SOLVER_MAX_TRIANGLE_INEQ: 100000
SDP_SOLVER_TRIANGLE_PERC: 0.05


|    N| NODE_PAR|    NODE|      LB_PAR|          LB|  FLAG|  TIME (s)| CP_ITER| CP_FLAG|   CP_INEQ|     PAIR  TRIANGLE    CLIQUE|          UB|         GUB|     I      J|     NODE_GAP|          GAP|  OPEN|
|   85|       -1|       0|        -inf|     1263.24|     0|       183|       6|      -3|      2486|  44.1667      2651         1|     1265.92|    1265.92*|    -1     -1|   0.00211503|   0.00211503|     0|
|   85|        0|       1|     1263.24|     1263.46|     0|        36|       1|      -3|      2486|        2      1235         0|     1266.97|     1265.92|    34     82|   0.00194119|   0.00194119|     0|
|   84|        0|       2|     1263.24|     1264.83|     0|        93|       2|      -3|      2924|      4.5    1739.5         0|     1265.79|    1265.79*|    34     82|  0.000760678|  0.000760678|     0|
|   84|        1|       3|     1263.46|     1265.51|     0|        87|       2|      -3|      2959|      4.5      1818         0|     1266.97|     1265.79|    34     53|  0.000227548|  0.000227548|     0|
|   85|        1|       4|     1263.46|     1264.46|     0|        93|       4|      -3|      1996|      0.5    774.25         0|     1266.96|     1265.79|    34     53|   0.00105452|   0.00105452|     0|
|   84|        3|       5|     1265.51|     1265.81|     0|        55|       0|       2|      2959|        0         0         0|         inf|     1265.79|    33     44| -1.55836e-05| -1.55836e-05|     0|
|   83|        3|       6|     1265.51|     1265.99|     0|        71|       1|       2|      2847|        1      2015         0|     1266.97|     1265.79|    33     44| -0.000156491| -0.000156491|     0|
|   85|        4|       7|     1264.46|     1265.04|     0|        73|       3|      -3|      1808|        0   510.667         0|     1267.41|     1265.79|    44     54|  0.000598428|  0.000598428|     0|
|   84|        2|       8|     1264.83|     1265.47|     0|       137|       2|      -3|      2804|        0      1139         0|     1265.79|     1265.79|    33     44|  0.000258559|  0.000258559|     0|
|   83|        2|       9|     1264.83|     1265.51|     0|       156|       4|      -3|      1656|     0.25    899.75         0|     1265.92|     1265.79|    33     44|  0.000226044|  0.000226044|     0|
|   84|        4|      10|     1264.46|     1265.32|     0|       106|       3|      -3|      2172|        3      1212         0|     1266.96|     1265.79|    44     54|  0.000370256|  0.000370256|     0|
|   85|        7|      11|     1265.04|     1267.59|     0|        24|       0|       2|      1808|        0         0         0|         inf|     1265.79|    34     62|  -0.00141959|  -0.00141959|     0|
|   83|        8|      12|     1265.47|     1265.49|     0|        61|       1|      -3|      2547|        0       208         0|     1265.76|    1265.76*|     6     79|  0.000215544|  0.000215544|     0|
|   84|        7|      13|     1265.04|      1266.4|     0|        67|       1|       2|      2813|        7      1781         0|     1267.41|     1265.76|    34     62|  -0.00050507|  -0.00050507|     0|
|   82|        9|      14|     1265.51|     1265.78|     0|        45|       0|       2|      1506|        0         0         0|         inf|     1265.76|    17     60| -1.70974e-05| -1.70974e-05|     0|
|   83|        9|      15|     1265.51|     1265.64|     0|        52|       1|      -3|      1656|        0       570         0|     1265.92|     1265.76|    17     60|  9.84581e-05|  9.84581e-05|     0|
|   83|       10|      16|     1265.32|     1265.32|     0|        49|       1|      -3|      1987|        8      1693         0|     1266.96|     1265.76|    35     40|  0.000346161|  0.000346161|     0|
|   84|        8|      17|     1265.47|     1265.47|     0|        88|       1|      -3|      2804|        0       178         0|     1265.79|     1265.76|     6     79|  0.000230109|  0.000230109|     0|
|   84|       10|      18|     1265.32|     1265.53|     0|        62|       1|      -3|      2172|        0       932         0|     1267.06|     1265.76|    35     40|  0.000185299|  0.000185299|     0|
|   82|       12|      19|     1265.49|     1265.76|     0|        23|       0|       2|      2400|        0         0         0|     1265.76|     1265.76|     6     17|  5.36117e-06|  5.36117e-06|     0|
|   83|       12|      20|     1265.49|     1265.81|     0|        37|       0|       2|      2547|        0         0         0|         inf|     1265.76|     6     17| -3.47393e-05| -3.47393e-05|     0|
|   84|       18|      21|     1265.53|     1265.66|     0|        27|       0|       2|      2172|        0         0         0|     1267.06|     1265.76|    36     46|  8.13535e-05|  8.13535e-05|     0|
|   83|       16|      22|     1265.32|     1265.32|     0|        49|       1|      -3|      1987|       12      1896         0|     1266.96|     1265.76|    36     45|  0.000346161|  0.000346161|     0|
|   82|       16|      23|     1265.32|     1266.62|     0|        60|       1|       2|      3975|       15      3019         0|         inf|     1265.76|    36     45| -0.000676947| -0.000676947|     0|
|   84|       17|      24|     1265.47|     1265.53|     0|        65|       1|      -3|      2804|        0       538         0|      1265.9|     1265.76|    10     17|  0.000187379|  0.000187379|     0|
|   83|       18|      25|     1265.53|     1265.53|     0|        74|       2|      -3|      3083|      2.5    1598.5         0|     1268.44|     1265.76|    36     46|  0.000185299|  0.000185299|     0|
|   83|       25|      26|     1265.53|     1267.38|     0|        23|       0|       2|      3083|        0         0         0|         inf|     1265.76|    34     60|  -0.00127937|  -0.00127937|     0|
|   83|       17|      27|     1265.47|     1265.75|     0|       135|       3|       2|      2561|  5.66667   1764.67         0|     1265.79|     1265.76|    10     17|   9.5306e-06|   9.5306e-06|     0|
|   84|       24|      28|     1265.53|     1265.82|     0|        46|       0|       2|      2804|        0         0         0|      1265.9|     1265.76|    17     41| -4.19743e-05| -4.19743e-05|     0|
|   82|       22|      29|     1265.32|     1268.11|     0|        75|       1|       2|      3386|        2      2563         0|         inf|     1265.76|    20     40|  -0.00185159|  -0.00185159|     0|
|   83|       22|      30|     1265.32|     1266.02|     0|        89|       2|       2|      2256|      6.5    1544.5         0|     1266.96|     1265.76|    20     40|  -0.00019947|  -0.00019947|     0|
|   83|       24|      31|     1265.53|     1266.64|     0|        70|       1|       2|      3545|        1      2786         0|         inf|     1265.76|    17     41| -0.000690265| -0.000690265|     0|
|   82|       25|      32|     1265.53|     1267.86|     0|        69|       1|       2|      3131|        6      2234         0|     1268.44|     1265.76|    34     60|  -0.00165444|  -0.00165444|     0|

WALL_TIME: 813 sec
N_NODES: 33
AVG_INEQ: 1134.13
AVG_CP_ITER: 1.42424
ROOT_GAP: 0.00211503
GAP: 0
BEST: 1265.76

