306 3 2
-1.3404231650191851 -1.187679807423454 -0.282275441807929
-1.247708542845616 0.0453312903596742 -0.0036422637652635
-0.3205623211099226 -0.2629214840861078 -0.4215920308292618
0.0502961675843547 -0.8794270329776719 -0.282275441807929
-0.5059915654570613 1.5865951625885844 -0.0036422637652635
0.3284400341050628 1.2783423881428024 -0.5609086198505945
1.0701570114936176 -1.495932581869236 -0.5609086198505945
0.2357254119314934 1.8948479370343665 2.5040563386187253
-0.6914208098042 0.9700896136970204 -0.5609086198505945
-0.0424184545892145 -0.5711742585318899 -0.5609086198505945
0.7920131449729095 0.6618368392512383 0.5536240923200674
1.0701570114936176 1.5865951625885844 -0.5609086198505945
0.1430107897579241 -0.2629214840861078 -0.5609086198505945
-0.7841354319777694 -0.5711742585318899 -0.5609086198505945
-0.3205623211099226 -0.5711742585318899 -0.5609086198505945
0.2357254119314934 -1.495932581869236 -0.4215920308292618
0.2357254119314934 0.9700896136970204 1.9467899825333943
-0.8768500541513387 0.0453312903596742 1.3895236264480637
-1.4331377871927546 -1.187679807423454 0.2749909142774018
-0.969564676324908 -0.8794270329776719 -0.4215920308292618
-1.7112816537134627 -0.8794270329776719 -0.5609086198505945
-0.8768500541513387 0.0453312903596742 -0.282275441807929
0.9774423893200482 -0.8794270329776719 -0.4215920308292618
0.6065839006257708 0.3535840648054562 -0.0036422637652635
-1.0622792984984777 -1.495932581869236 -0.5609086198505945
0.9774423893200482 -0.5711742585318899 -0.5609086198505945
1.441015500187895 1.2783423881428024 -0.5609086198505945
-0.969564676324908 -0.2629214840861078 2.22542316057606
0.1430107897579241 -1.187679807423454 0.4143075032987346
2.275447099750019 0.6618368392512383 -0.1429588527865963
0.6992985227993401 -0.5711742585318899 -0.4215920308292618
0.5138692784522015 -1.187679807423454 -0.5609086198505945
0.5138692784522015 -0.5711742585318899 -0.4215920308292618
1.811873988882172 1.2783423881428024 -0.1429588527865963
-1.6185670315398937 0.3535840648054562 1.250207037426731
-1.247708542845616 -1.495932581869236 -0.5609086198505945
1.5337301223614643 1.2783423881428024 0.5536240923200674
0.7920131449729095 -0.2629214840861078 0.1356743252560691
0.0502961675843547 -1.495932581869236 -0.0036422637652635
1.9045886110557415 1.5865951625885844 -0.5609086198505945
0.8847277671464788 -0.2629214840861078 0.2749909142774018
0.7920131449729095 1.5865951625885844 -0.5609086198505945
2.1827324775764496 1.2783423881428024 -0.5609086198505945
-2.08214014240774 0.6618368392512383 -0.5609086198505945
0.6992985227993401 0.6618368392512383 -0.5609086198505945
-0.2278476989363532 0.3535840648054562 -0.5609086198505945
-0.6914208098042 -0.8794270329776719 -0.5609086198505945
-0.0424184545892145 -0.2629214840861078 -0.5609086198505945
-0.969564676324908 0.0453312903596742 -0.4215920308292618
-0.5987061876306307 -0.2629214840861078 -0.5609086198505945
0.2357254119314934 1.8948479370343665 -0.1429588527865963
-0.3205623211099226 -0.5711742585318899 -0.4215920308292618
-1.3404231650191851 0.9700896136970204 -0.5609086198505945
1.997303233229311 0.6618368392512383 -0.1429588527865963
-0.8768500541513387 0.9700896136970204 -0.0036422637652635
-0.1351330767627839 0.3535840648054562 0.4143075032987346
1.6264447445350336 -1.495932581869236 -0.5609086198505945
-0.2278476989363532 0.0453312903596742 1.250207037426731
0.1430107897579241 0.0453312903596742 2.086106571554727
-0.3205623211099226 -0.8794270329776719 -0.4215920308292618
0.8847277671464788 0.6618368392512383 2.086106571554727
0.8847277671464788 0.9700896136970204 -0.5609086198505945
0.2357254119314934 -1.495932581869236 -0.5609086198505945
-1.1549939206720468 -1.495932581869236 -0.282275441807929
1.3483008780143255 0.9700896136970204 -0.5609086198505945
0.0502961675843547 -0.5711742585318899 -0.4215920308292618
0.3284400341050628 0.6618368392512383 0.6929406813414001
-0.2278476989363532 0.3535840648054562 -0.5609086198505945
-0.1351330767627839 0.9700896136970204 -0.4215920308292618
0.2357254119314934 -1.495932581869236 -0.4215920308292618
0.1430107897579241 0.9700896136970204 -0.5609086198505945
1.6264447445350336 -1.187679807423454 0.5536240923200674
1.719159366708603 1.5865951625885844 -0.282275441807929
0.8847277671464788 -1.495932581869236 -0.5609086198505945
-1.0622792984984777 0.6618368392512383 -0.5609086198505945
-2.08214014240774 -0.2629214840861078 -0.1429588527865963
1.162871633667187 0.3535840648054562 -0.5609086198505945
-0.0424184545892145 0.6618368392512383 -0.5609086198505945
0.6065839006257708 1.2783423881428024 -0.1429588527865963
0.7920131449729095 -1.187679807423454 -0.5609086198505945
-0.0424184545892145 -0.8794270329776719 -0.0036422637652635
0.6065839006257708 0.3535840648054562 0.4143075032987346
1.3483008780143255 0.9700896136970204 -0.5609086198505945
1.3483008780143255 0.6618368392512383 -0.5609086198505945
-0.1351330767627839 -1.187679807423454 -0.1429588527865963
-0.6914208098042 1.2783423881428024 -0.4215920308292618
-0.969564676324908 -1.187679807423454 -0.282275441807929
-0.1351330767627839 0.6618368392512383 -0.5609086198505945
-1.247708542845616 0.9700896136970204 -0.5609086198505945
-0.0424184545892145 -0.8794270329776719 0.1356743252560691
-2.08214014240774 0.3535840648054562 -0.4215920308292618
-0.969564676324908 -1.187679807423454 -0.5609086198505945
-1.247708542845616 -1.187679807423454 -0.282275441807929
0.8847277671464788 -1.495932581869236 -0.5609086198505945
1.162871633667187 -0.5711742585318899 -0.282275441807929
0.4211546562786321 0.3535840648054562 -0.5609086198505945
1.162871633667187 1.2783423881428024 -0.5609086198505945
0.0502961675843547 -1.187679807423454 -0.1429588527865963
1.3483008780143255 -0.5711742585318899 -0.5609086198505945
0.8847277671464788 -1.187679807423454 1.250207037426731
-1.0622792984984777 1.2783423881428024 -0.5609086198505945
0.1430107897579241 0.6618368392512383 0.1356743252560691
-1.0622792984984777 -0.8794270329776719 2.6433729276400584
0.4211546562786321 0.3535840648054562 -0.5609086198505945
-0.2278476989363532 -1.187679807423454 -0.5609086198505945
1.0701570114936176 0.9700896136970204 -0.5609086198505945
-0.3205623211099226 0.9700896136970204 -0.5609086198505945
-1.0622792984984777 0.3535840648054562 -0.5609086198505945
-0.7841354319777694 1.2783423881428024 1.6681568044907291
-1.4331377871927546 -1.495932581869236 -0.5609086198505945
-1.3404231650191851 -0.2629214840861078 -0.1429588527865963
-0.0424184545892145 1.5865951625885844 -0.5609086198505945
-0.7841354319777694 -1.495932581869236 0.6929406813414001
0.5138692784522015 -0.5711742585318899 -0.282275441807929
-0.3205623211099226 1.2783423881428024 -0.4215920308292618
0.3284400341050628 0.9700896136970204 -0.282275441807929
-0.5059915654570613 -1.495932581869236 -0.1429588527865963
0.9774423893200482 0.0453312903596742 -0.5609086198505945
0.6065839006257708 -0.8794270329776719 -0.5609086198505945
-0.5059915654570613 0.9700896136970204 1.1108904484053983
-0.4132769432834919 1.2783423881428024 0.4143075032987346
1.997303233229311 0.0453312903596742 -0.5609086198505945
-1.5258524093663242 -0.8794270329776719 -0.4215920308292618
0.3284400341050628 -0.8794270329776719 -0.5609086198505945
-1.7112816537134627 -1.187679807423454 -0.5609086198505945
1.811873988882172 0.0453312903596742 -0.5609086198505945
0.4211546562786321 -0.2629214840861078 -0.5609086198505945
-0.6914208098042 1.2783423881428024 -0.5609086198505945
0.6992985227993401 -0.5711742585318899 2.922006105682724
1.2555862558407562 1.5865951625885844 -0.5609086198505945
1.162871633667187 -1.187679807423454 -0.282275441807929
-0.0424184545892145 -1.187679807423454 -0.282275441807929
-0.5987061876306307 0.6618368392512383 2.22542316057606
0.3284400341050628 0.9700896136970204 -0.4215920308292618
-0.5987061876306307 -1.495932581869236 -0.282275441807929
-1.3404231650191851 1.2783423881428024 0.1356743252560691
-0.1351330767627839 -1.187679807423454 -0.4215920308292618
-0.0424184545892145 0.3535840648054562 -0.5609086198505945
-0.4132769432834919 0.3535840648054562 -0.5609086198505945
-1.7112816537134627 1.2783423881428024 0.4143075032987346
0.5138692784522015 1.2783423881428024 -0.5609086198505945
0.1430107897579241 0.6618368392512383 2.6433729276400584
1.6264447445350336 -1.495932581869236 -0.0036422637652635
-0.5987061876306307 0.0453312903596742 -0.5609086198505945
-1.7112816537134627 0.9700896136970204 0.6929406813414001
-1.5258524093663242 1.8948479370343665 -0.5609086198505945
-0.969564676324908 -1.495932581869236 -0.5609086198505945
-0.5987061876306307 -1.495932581869236 -0.1429588527865963
0.4211546562786321 -0.2629214840861078 1.3895236264480637
0.0502961675843547 0.0453312903596742 -0.5609086198505945
0.5138692784522015 -0.8794270329776719 -0.1429588527865963
0.4211546562786321 1.8948479370343665 -0.5609086198505945
-0.2278476989363532 0.6618368392512383 -0.0036422637652635
0.5138692784522015 -1.495932581869236 -0.1429588527865963
-1.0622792984984777 1.8948479370343665 0.5536240923200674
1.2555862558407562 -1.495932581869236 -0.5609086198505945
-1.9894255202341709 0.6618368392512383 -0.0036422637652635
0.8847277671464788 0.9700896136970204 -0.5609086198505945
-0.3205623211099226 -0.2629214840861078 -0.5609086198505945
1.2555862558407562 -1.495932581869236 -0.5609086198505945
0.4211546562786321 -0.5711742585318899 -0.5609086198505945
-0.969564676324908 1.8948479370343665 -0.4215920308292618
-0.1351330767627839 -1.187679807423454 1.250207037426731
-1.4331377871927546 -0.8794270329776719 1.5288402154693963
-0.2278476989363532 -1.495932581869236 -0.4215920308292618
0.6992985227993401 1.2783423881428024 -0.282275441807929
-0.2278476989363532 -0.5711742585318899 -0.5609086198505945
-1.4331377871927546 0.0453312903596742 -0.5609086198505945
-1.1549939206720468 0.6618368392512383 -0.5609086198505945
-1.7112816537134627 -1.495932581869236 3.6185890507893874
-1.4331377871927546 -0.8794270329776719 -0.5609086198505945
-0.3205623211099226 0.3535840648054562 0.8322572703627328
0.6065839006257708 -0.2629214840861078 4.315171995896051
-0.4132769432834919 -0.2629214840861078 -0.282275441807929
-0.6914208098042 0.3535840648054562 -0.5609086198505945
-0.2278476989363532 0.9700896136970204 -0.4215920308292618
1.0701570114936176 0.6618368392512383 2.5040563386187253
-1.803996275887032 -1.495932581869236 0.8322572703627328
-0.3205623211099226 0.0453312903596742 -0.5609086198505945
2.831734832791435 -1.495932581869236 -0.282275441807929
-0.0424184545892145 -0.2629214840861078 -0.1429588527865963
-0.2278476989363532 -1.187679807423454 -0.282275441807929
0.4211546562786321 0.0453312903596742 -0.5609086198505945
0.7920131449729095 1.5865951625885844 -0.4215920308292618
0.0502961675843547 -0.8794270329776719 -0.4215920308292618
-1.3404231650191851 -0.8794270329776719 -0.5609086198505945
-1.0622792984984777 -1.187679807423454 -0.5609086198505945
-0.0424184545892145 1.8948479370343665 -0.5609086198505945
-1.247708542845616 1.2783423881428024 -0.5609086198505945
0.0502961675843547 0.6618368392512383 -0.4215920308292618
-1.3404231650191851 0.3535840648054562 -0.4215920308292618
0.2357254119314934 1.5865951625885844 1.5288402154693963
-1.1549939206720468 -1.495932581869236 -0.5609086198505945
1.162871633667187 0.9700896136970204 1.5288402154693963
0.6065839006257708 0.3535840648054562 -0.5609086198505945
0.4211546562786321 -0.5711742585318899 0.1356743252560691
0.9774423893200482 -0.5711742585318899 0.6929406813414001
1.811873988882172 0.3535840648054562 -0.5609086198505945
-1.6185670315398937 0.0453312903596742 -0.5609086198505945
0.1430107897579241 -0.8794270329776719 0.9715738593840656
1.0701570114936176 -0.5711742585318899 -0.5609086198505945
0.4211546562786321 0.3535840648054562 0.6929406813414001
-0.6914208098042 -1.187679807423454 1.3895236264480637
-1.247708542845616 0.0453312903596742 -0.5609086198505945
-1.9894255202341709 -1.187679807423454 -0.282275441807929
-0.4132769432834919 0.9700896136970204 -0.5609086198505945
1.811873988882172 -1.495932581869236 -0.5609086198505945
1.3483008780143255 0.3535840648054562 0.5536240923200674
-0.5059915654570613 -0.5711742585318899 -0.5609086198505945
-1.3404231650191851 -0.8794270329776719 -0.5609086198505945
0.0502961675843547 -1.495932581869236 -0.4215920308292618
-0.969564676324908 0.6618368392512383 -0.5609086198505945
-0.4132769432834919 -1.495932581869236 0.9715738593840656
-0.5059915654570613 0.0453312903596742 2.6433729276400584
1.6264447445350336 1.2783423881428024 -0.5609086198505945
1.3483008780143255 0.0453312903596742 -0.4215920308292618
-1.0622792984984777 0.3535840648054562 -0.5609086198505945
0.1430107897579241 1.5865951625885844 0.4143075032987346
0.9774423893200482 -0.5711742585318899 3.339955872746722
-0.5059915654570613 -0.2629214840861078 -0.5609086198505945
1.5337301223614643 -0.8794270329776719 -0.5609086198505945
-0.0424184545892145 -0.2629214840861078 -0.4215920308292618
1.9045886110557415 -0.2629214840861078 -0.5609086198505945
-1.0622792984984777 0.6618368392512383 -0.5609086198505945
1.162871633667187 -1.495932581869236 -0.5609086198505945
0.6065839006257708 0.3535840648054562 -0.4215920308292618
0.2357254119314934 1.2783423881428024 -0.4215920308292618
0.9774423893200482 0.0453312903596742 -0.5609086198505945
-0.8768500541513387 0.3535840648054562 -0.1429588527865963
-0.8768500541513387 0.3535840648054562 -0.5609086198505945
0.1430107897579241 1.2783423881428024 5.847654475130711
-1.7112816537134627 -0.5711742585318899 0.8322572703627328
-0.2278476989363532 -0.5711742585318899 0.2749909142774018
-0.7841354319777694 0.3535840648054562 0.2749909142774018
-0.5987061876306307 -0.2629214840861078 0.1356743252560691
1.6264447445350336 0.0453312903596742 -0.5609086198505945
-0.7841354319777694 0.0453312903596742 -0.4215920308292618
1.162871633667187 -1.495932581869236 -0.5609086198505945
1.5337301223614643 0.9700896136970204 -0.5609086198505945
0.0502961675843547 -0.8794270329776719 0.6929406813414001
-0.5059915654570613 -0.8794270329776719 -0.0036422637652635
-0.5059915654570613 1.2783423881428024 -0.5609086198505945
-0.4132769432834919 -1.495932581869236 0.9715738593840656
-0.5987061876306307 1.8948479370343665 -0.1429588527865963
1.162871633667187 1.2783423881428024 -0.4215920308292618
1.441015500187895 1.5865951625885844 -0.5609086198505945
-1.7112816537134627 -0.8794270329776719 -0.4215920308292618
2.0900178554028805 -0.2629214840861078 -0.4215920308292618
-1.803996275887032 -0.8794270329776719 -0.5609086198505945
-0.0424184545892145 0.0453312903596742 -0.0036422637652635
0.6065839006257708 0.0453312903596742 -0.5609086198505945
-1.3404231650191851 1.8948479370343665 2.3647397495973927
-0.6914208098042 0.6618368392512383 0.2749909142774018
0.6992985227993401 0.3535840648054562 -0.5609086198505945
0.6992985227993401 -1.187679807423454 1.807473393512062
1.162871633667187 -0.2629214840861078 2.5040563386187253
-0.7841354319777694 -0.5711742585318899 -0.5609086198505945
-0.6914208098042 1.2783423881428024 -0.4215920308292618
0.3284400341050628 0.9700896136970204 -0.1429588527865963
1.6264447445350336 0.9700896136970204 1.3895236264480637
0.3284400341050628 -0.8794270329776719 -0.5609086198505945
0.0502961675843547 0.6618368392512383 1.1108904484053983
2.368161721923588 0.6618368392512383 -0.4215920308292618
-0.8768500541513387 0.3535840648054562 -0.5609086198505945
0.1430107897579241 1.8948479370343665 0.4143075032987346
-0.8768500541513387 0.6618368392512383 -0.5609086198505945
1.162871633667187 0.3535840648054562 -0.5609086198505945
1.2555862558407562 -1.495932581869236 -0.4215920308292618
-0.5059915654570613 0.6618368392512383 -0.5609086198505945
-0.4132769432834919 -0.5711742585318899 0.5536240923200674
-0.8768500541513387 -0.8794270329776719 -0.5609086198505945
0.7920131449729095 -1.187679807423454 -0.5609086198505945
1.2555862558407562 -0.5711742585318899 1.250207037426731
-1.0622792984984777 -1.187679807423454 0.5536240923200674
-1.4331377871927546 0.0453312903596742 -0.5609086198505945
0.1430107897579241 -0.2629214840861078 -0.5609086198505945
1.6264447445350336 1.5865951625885844 -0.5609086198505945
-1.3404231650191851 0.9700896136970204 0.9715738593840656
0.4211546562786321 1.2783423881428024 -0.5609086198505945
-0.2278476989363532 0.0453312903596742 -0.4215920308292618
0.7920131449729095 0.3535840648054562 -0.5609086198505945
1.5337301223614643 0.6618368392512383 -0.5609086198505945
-0.5059915654570613 0.0453312903596742 0.2749909142774018
0.7920131449729095 0.6618368392512383 -0.5609086198505945
0.2357254119314934 0.0453312903596742 0.2749909142774018
-0.8768500541513387 -1.187679807423454 -0.282275441807929
-1.3404231650191851 -0.8794270329776719 -0.4215920308292618
0.1430107897579241 -0.8794270329776719 -0.1429588527865963
-0.2278476989363532 -0.5711742585318899 -0.5609086198505945
-0.6914208098042 1.5865951625885844 -0.5609086198505945
0.7920131449729095 -1.187679807423454 -0.5609086198505945
-0.3205623211099226 0.0453312903596742 -0.1429588527865963
0.9774423893200482 0.9700896136970204 -0.5609086198505945
-0.8768500541513387 -1.495932581869236 6.683554009258708
-0.0424184545892145 1.8948479370343665 -0.1429588527865963
0.5138692784522015 -1.495932581869236 -0.5609086198505945
0.1430107897579241 -1.495932581869236 -0.4215920308292618
0.0502961675843547 0.0453312903596742 2.782689516661391
-0.5059915654570613 0.9700896136970204 -0.5609086198505945
-0.7841354319777694 0.0453312903596742 2.086106571554727
0.2357254119314934 0.9700896136970204 -0.5609086198505945
0.4211546562786321 0.3535840648054562 -0.4215920308292618
0.9774423893200482 -0.2629214840861078 -0.5609086198505945
-0.969564676324908 -0.5711742585318899 -0.0036422637652635
-0.8768500541513387 0.3535840648054562 -0.282275441807929
-0.0424184545892145 0.9700896136970204 -0.0036422637652635
