
DATA_PATH, n, d, k: /home/philipp/data-for-pc-sos-sdp-solver/hayes-roth.txt 160 4 3
CONSTRAINTS_PATH: /home/philipp/data-for-pc-sos-sdp-solver/hayes-roth_constraints_0.05.txt
LOG_PATH: /home/philipp/data-for-pc-sos-sdp-solver/hayes-roth_log_0.05.txt

BRANCH_AND_BOUND_TOL: 0.0001
BRANCH_AND_BOUND_PARALLEL: 16
BRANCH_AND_BOUND_MAX_NODES: 200
BRANCH_AND_BOUND_VISITING_STRATEGY: 0

SDP_SOLVER_SESSION_THREADS_ROOT: 16
SDP_SOLVER_SESSION_THREADS: 1
SDP_SOLVER_FOLDER: /home/pc-sos-sdp/SDPNAL+/
SDP_SOLVER_TOL: 1e-05
SDP_SOLVER_VERBOSE: 1
SDP_SOLVER_MAX_CP_ITER_ROOT: 80
SDP_SOLVER_MAX_CP_ITER: 40
SDP_SOLVER_CP_TOL: 1e-06
SDP_SOLVER_MAX_INEQ: 100000
SDP_SOLVER_INHERIT_PERC: 1
SDP_SOLVER_EPS_INEQ: 0.0001
SDP_SOLVER_EPS_ACTIVE: 1e-06
SDP_SOLVER_MAX_PAIR_INEQ: 100000
SDP_SOLVER_PAIR_PERC: 0.05
SDP_SOLVER_MAX_TRIANGLE_INEQ: 100000
SDP_SOLVER_TRIANGLE_PERC: 0.05


|    N| NODE_PAR|    NODE|      LB_PAR|          LB|  FLAG|  TIME (s)| CP_ITER| CP_FLAG|   CP_INEQ|     PAIR  TRIANGLE    CLIQUE|          UB|         GUB|     I      J|     NODE_GAP|          GAP|  OPEN|
|  148|       -1|       0|        -inf|     444.549|     0|       448|      12|      -3|      6069|  97.3333      3125   2.91667|     451.221|    451.221*|    -1     -1|    0.0147848|    0.0147848|     0|
|  148|        0|       1|     444.549|      445.03|     0|       153|       4|      -3|      6347|        0   1431.25         0|     451.221|     451.221|    10    104|    0.0137192|    0.0137192|     0|
|  147|        0|       2|     444.549|     445.866|     0|       207|       5|      -3|      6092|      0.2      1786         0|     446.932|    446.932*|    10    104|   0.00238631|   0.00238631|     0|
|  147|        1|       3|      445.03|     446.167|     0|       173|       4|       3|      5978|        0      1821         0|     453.627|     446.932|     3    100|   0.00171231|   0.00171231|     0|
|  148|        1|       4|      445.03|     445.767|     0|       206|       4|      -3|      6236|        0   1698.75         0|     446.674|    446.674*|     3    100|   0.00202939|   0.00202939|     0|
|  146|        3|       5|     446.167|     447.004|     0|        52|       1|       2|      9404|        0      5000         0|         inf|     446.674|    10    102| -0.000739329| -0.000739329|     0|
|  146|        2|       6|     445.866|     446.629|     0|       272|       7|       3|      5821| 0.142857      1808         0|     449.336|     446.674|    13    146|  9.95669e-05|  9.95669e-05|     0|
|  147|        3|       7|     446.167|     446.835|     0|       150|       3|      -3|      7363|        0      2350         0|     453.627|     446.674|    10    102| -0.000361064| -0.000361064|     0|
|  147|        2|       8|     445.866|     446.428|     0|       368|       6|      -3|      5043|        0       943         0|     446.932|     446.674|    13    146|  0.000549413|  0.000549413|     0|
|  147|        4|       9|     445.767|     446.251|     0|       234|       6|      -3|      5844|        0      1735         0|     451.221|     446.674|     4     53|  0.000946711|  0.000946711|     0|
|  147|        8|      10|     446.428|     446.678|     0|        50|       0|       2|      5043|        0         0         0|         inf|     446.674|    67    121|  -1.0237e-05|  -1.0237e-05|     0|
|  146|        9|      11|     446.251|     446.786|     0|        22|       0|       2|      5697|        0         0         0|         inf|     446.674|     7    146| -0.000251888| -0.000251888|     0|
|  148|        4|      12|     445.767|     446.218|     0|       325|       6|      -3|      4436|        0     840.5         0|     446.674|     446.674|     4     53|   0.00101884|   0.00101884|     0|
|  147|        9|      13|     446.251|     446.793|     0|        80|       1|       2|      9969|        0      5000         0|     451.221|     446.674|     7    146| -0.000268045| -0.000268045|     0|
|  146|        8|      14|     446.428|      446.63|     0|       185|       3|       2|      5238|        0      2331         0|     446.932|     446.674|    67    121|  9.84964e-05|  9.84964e-05|     0|
|  147|       12|      15|     446.218|     446.424|     0|       240|       5|      -3|      4075|        0      1180         0|     446.674|     446.674|    67    122|  0.000559311|  0.000559311|     0|
|  148|       12|      16|     446.218|     446.478|     0|       287|       2|      -3|      6682|        0      1441         0|     446.734|     446.674|    67    122|   0.00043844|   0.00043844|     0|
|  147|       15|      17|     446.424|     446.664|     0|        49|       0|       2|      4075|        0         0         0|     446.674|     446.674|    75    126|  2.06234e-05|  2.06234e-05|     0|
|  146|       15|      18|     446.424|     446.893|     0|        74|       1|       2|      8379|        0      5000         0|         inf|     446.674|    75    126| -0.000490959| -0.000490959|     0|
|  148|       16|      19|     446.478|     446.657|     0|        54|       0|       2|      6682|        0         0         0|     446.734|     446.674|    75    136|  3.64084e-05|  3.64084e-05|     0|
|  147|       16|      20|     446.478|     446.724|     0|        94|       1|       2|      8286|        0      5000         0|         inf|     446.674|    75    136| -0.000112193| -0.000112193|     0|

WALL_TIME: 1682 sec
N_NODES: 21
AVG_INEQ: 2028.15
AVG_CP_ITER: 3.38095
ROOT_GAP: 0.0147848
GAP: 0
BEST: 446.674

