270 13 2
1.7120935619078423 0.6894996998299374 0.8709276495728916 -0.0754098439278076 1.4022123179058137 -0.4170288281141495 0.9816636461569526 -1.759208112887246 -0.7012222951263888 1.3747844660463873 0.6764192786728188 2.4726821928767904 -0.8757058119953168
1.38213977053374 -1.450326954814696 -0.1835587422866632 -0.9167593422959156 6.093004497506769 -0.4170288281141495 0.9816636461569526 0.4464092698367253 -0.7012222951263888 0.6464218350284338 0.6764192786728188 -0.7115349394446727 1.189277325460889
0.2822937992867323 0.6894996998299374 -1.238045134146218 -0.4119496432750508 0.2198225536262337 -0.4170288281141495 -1.0262847209822683 -0.375291323727107 -0.7012222951263888 -0.5371674403757407 -0.9542343395562984 -0.7115349394446727 1.189277325460889
1.0521859791596375 0.6894996998299374 0.8709276495728916 -0.1875897770435553 0.2585894311435969 -0.4170288281141495 -1.0262847209822683 -1.9321977115322635 1.4260812968300718 -0.628212769252985 0.6764192786728188 0.3498707713291484 1.189277325460889
2.1520319504066454 -1.450326954814696 -1.238045134146218 -0.6363095095065463 0.3748900636956868 -0.4170288281141495 0.9816636461569526 -1.2402393169521937 1.4260812968300718 -0.628212769252985 -0.9542343395562984 0.3498707713291484 -0.8757058119953168
1.1621705762843384 0.6894996998299374 0.8709276495728916 -0.6363095095065463 -1.4083863021030236 -0.4170288281141495 -1.0262847209822683 -0.4185387233883614 -0.7012222951263888 -0.4461221114984965 -0.9542343395562984 -0.7115349394446727 1.189277325460889
0.1723092021620315 0.6894996998299374 -0.1835587422866632 -0.0754098439278076 0.1229053598328255 2.39791576165636 0.9816636461569526 -0.3320439240658527 1.4260812968300718 -0.2640314537440081 0.6764192786728188 0.3498707713291484 0.6730315410968375
0.5022629935361339 0.6894996998299374 0.8709276495728916 -1.1972091750852851 -0.2066130990647622 -0.4170288281141495 0.9816636461569526 -0.3320439240658527 1.4260812968300718 0.2822405195194569 0.6764192786728188 0.3498707713291484 1.189277325460889
0.6122475906608347 0.6894996998299374 0.8709276495728916 0.4854898216509311 0.840092593904046 -0.4170288281141495 0.9816636461569526 0.8788832664492687 -0.7012222951263888 0.2822405195194569 0.6764192786728188 1.4112764821029693 1.189277325460889
0.942201382034937 -1.450326954814696 0.8709276495728916 1.0463894872296695 3.049804612393753 -0.4170288281141495 0.9816636461569526 0.1869248718691993 -0.7012222951263888 -0.4461221114984965 0.6764192786728188 2.4726821928767904 1.189277325460889
0.5022629935361339 0.6894996998299374 0.8709276495728916 0.2050399888615617 -0.3035302928581704 -0.4170288281141495 -1.0262847209822683 0.4896566694979797 -0.7012222951263888 -0.3550767826212523 0.6764192786728188 -0.7115349394446727 1.189277325460889
-0.1576445892120707 0.6894996998299374 0.8709276495728916 0.5976697547666788 -0.4585978029276235 -0.4170288281141495 0.9816636461569526 -1.6727133135647372 1.4260812968300718 -0.8103034270074734 -0.9542343395562984 -0.7115349394446727 1.189277325460889
-1.1475059633343776 0.6894996998299374 -0.1835587422866632 0.4854898216509311 -0.2841468540994888 -0.4170288281141495 0.9816636461569526 1.311357263061812 -0.7012222951263888 -0.8103034270074734 -0.9542343395562984 -0.7115349394446727 -0.8757058119953168
0.7222321877855354 0.6894996998299374 -2.2925315260057726 0.1489500223036878 -0.3035302928581704 -0.4170288281141495 -1.0262847209822683 -0.2023017250820897 -0.7012222951263888 1.5568751238008758 0.6764192786728188 1.4112764821029693 -0.8757058119953168
0.2822937992867323 -1.450326954814696 0.8709276495728916 -0.1875897770435553 1.0339269814908625 -0.4170288281141495 0.9816636461569526 0.403161870175471 -0.7012222951263888 -0.8103034270074734 -0.9542343395562984 0.3498707713291484 -0.8757058119953168
1.822078159032543 -1.450326954814696 0.8709276495728916 -1.085029241969537 -1.951122587346109 -0.4170288281141495 -1.0262847209822683 -1.0672497183071763 -0.7012222951263888 0.6464218350284338 0.6764192786728188 -0.7115349394446727 -0.8757058119953168
-0.927536769084976 0.6894996998299374 0.8709276495728916 0.4854898216509311 1.1889944915603154 -0.4170288281141495 -1.0262847209822683 -1.283486716613448 1.4260812968300718 0.828512492782922 0.6764192786728188 1.4112764821029693 1.189277325460889
-0.1576445892120707 0.6894996998299374 0.8709276495728916 0.4854898216509311 -0.9044168943773012 2.39791576165636 0.9816636461569526 0.2301722715304536 1.4260812968300718 2.012101768187097 2.307072896901936 -0.7115349394446727 1.189277325460889
1.0521859791596375 0.6894996998299374 -2.2925315260057726 -1.1972091750852851 -0.749349384307848 -0.4170288281141495 0.9816636461569526 -0.245549124743344 1.4260812968300718 0.828512492782922 0.6764192786728188 -0.7115349394446727 -0.8757058119953168
-1.5874443518331809 0.6894996998299374 -2.2925315260057726 0.4854898216509311 -0.9819506494120276 -0.4170288281141495 -1.0262847209822683 1.2248624637393035 1.4260812968300718 0.4643311772739453 -0.9542343395562984 -0.7115349394446727 1.189277325460889
1.38213977053374 0.6894996998299374 0.8709276495728916 -0.6363095095065463 -0.4004474866515786 -0.4170288281141495 0.9816636461569526 -0.8942601196621591 1.4260812968300718 1.5568751238008758 0.6764192786728188 1.4112764821029693 1.189277325460889
-0.7075675748355745 0.6894996998299374 -1.238045134146218 -0.0754098439278076 -0.0903124665126724 -0.4170288281141495 0.9816636461569526 1.311357263061812 -0.7012222951263888 -0.628212769252985 0.6764192786728188 -0.7115349394446727 -0.8757058119953168
-1.2574905604590785 0.6894996998299374 0.8709276495728916 -0.9167593422959156 1.0339269814908625 -0.4170288281141495 -1.0262847209822683 1.3546046627230663 -0.7012222951263888 0.2822405195194569 0.6764192786728188 -0.7115349394446727 -0.8757058119953168
-0.8175521719602753 0.6894996998299374 0.8709276495728916 -1.085029241969537 -0.8850334556186195 -0.4170288281141495 -1.0262847209822683 -0.2887965244045983 -0.7012222951263888 -0.7192580981302291 -0.9542343395562984 -0.7115349394446727 -0.8757058119953168
-0.0476599920873699 -1.450326954814696 -1.238045134146218 0.0367700891879401 0.7431754001106379 2.39791576165636 0.9816636461569526 0.403161870175471 1.4260812968300718 -0.8103034270074734 -0.9542343395562984 0.3498707713291484 -0.8757058119953168
-0.7075675748355745 -1.450326954814696 -0.1835587422866632 -0.0754098439278076 0.4911906962477765 -0.4170288281141495 -1.0262847209822683 -0.4617861230496157 -0.7012222951263888 -0.628212769252985 -0.9542343395562984 -0.7115349394446727 -0.8757058119953168
-0.927536769084976 -1.450326954814696 0.8709276495728916 0.3733098885351833 -0.1290793440300357 -0.4170288281141495 0.9816636461569526 0.1004300725466906 1.4260812968300718 -0.8103034270074734 0.6764192786728188 -0.7115349394446727 -0.8757058119953168
-0.3776137834614723 -1.450326954814696 -0.1835587422866632 -0.6363095095065463 0.8788594714214093 -0.4170288281141495 0.9816636461569526 0.3166670708529623 -0.7012222951263888 -0.2640314537440081 -0.9542343395562984 -0.7115349394446727 -0.8757058119953168
0.3922783964114331 0.6894996998299374 -0.1835587422866632 -1.085029241969537 -0.381064047892897 -0.4170288281141495 0.9816636461569526 0.662646268142997 -0.7012222951263888 1.4658297949236316 0.6764192786728188 0.3498707713291484 1.189277325460889
1.822078159032543 -1.450326954814696 -0.1835587422866632 -1.1972091750852851 0.2973563086609602 2.39791576165636 0.9816636461569526 -0.8510127200009048 -0.7012222951263888 -0.8103034270074734 -0.9542343395562984 0.3498707713291484 -0.8757058119953168
0.2822937992867323 0.6894996998299374 -0.1835587422866632 -0.1875897770435553 -0.4004474866515786 -0.4170288281141495 0.9816636461569526 0.0139352732241819 -0.7012222951263888 -0.4461221114984965 0.6764192786728188 0.3498707713291484 1.189277325460889
1.2721551734090393 0.6894996998299374 0.8709276495728916 1.6072891528084083 -0.4198309254102602 -0.4170288281141495 0.9816636461569526 -0.5050335227108701 -0.7012222951263888 1.2837391371691431 -0.9542343395562984 -0.7115349394446727 0.6730315410968375
-1.917398143207283 -1.450326954814696 -0.1835587422866632 -0.6363095095065463 -0.6718156292731216 -0.4170288281141495 -1.0262847209822683 0.8788832664492687 -0.7012222951263888 -0.8103034270074734 -0.9542343395562984 -0.7115349394446727 -0.8757058119953168
0.5022629935361339 0.6894996998299374 0.8709276495728916 2.168188818387147 1.47974607294054 -0.4170288281141495 0.9816636461569526 -0.4185387233883614 1.4260812968300718 2.285237754818829 2.307072896901936 -0.7115349394446727 1.189277325460889
-0.487598380586173 0.6894996998299374 0.8709276495728916 0.7098496878824265 -0.962567210653346 -0.4170288281141495 0.9816636461569526 -1.0240023186459222 1.4260812968300718 0.0091045328877243 0.6764192786728188 -0.7115349394446727 1.189277325460889
-0.7075675748355745 0.6894996998299374 0.8709276495728916 -0.0754098439278076 0.1229053598328255 2.39791576165636 0.9816636461569526 0.0139352732241819 1.4260812968300718 -0.8103034270074734 -0.9542343395562984 1.4112764821029693 1.189277325460889
0.7222321877855354 0.6894996998299374 0.8709276495728916 0.4854898216509311 -0.8268831393425746 -0.4170288281141495 0.9816636461569526 -0.5050335227108701 1.4260812968300718 0.9195578216601664 -0.9542343395562984 0.3498707713291484 1.189277325460889
0.5022629935361339 0.6894996998299374 -2.2925315260057726 1.6072891528084083 0.4524238187304133 -0.4170288281141495 0.9816636461569526 -1.0672497183071763 -0.7012222951263888 -0.8103034270074734 -0.9542343395562984 -0.7115349394446727 -0.8757058119953168
-1.3674751575837791 0.6894996998299374 -0.1835587422866632 -0.0754098439278076 -1.3502359858269788 -0.4170288281141495 -1.0262847209822683 0.0139352732241819 -0.7012222951263888 -0.8103034270074734 -0.9542343395562984 -0.7115349394446727 -0.8757058119953168
-0.7075675748355745 0.6894996998299374 0.8709276495728916 -0.5241295763907986 -0.53613155796235 -0.4170288281141495 0.9816636461569526 1.570841661029338 -0.7012222951263888 -0.8103034270074734 -0.9542343395562984 -0.7115349394446727 -0.8757058119953168
-1.5874443518331809 0.6894996998299374 0.8709276495728916 1.1585694203454175 -0.5167481192036685 -0.4170288281141495 -1.0262847209822683 1.3546046627230663 -0.7012222951263888 -0.8103034270074734 -0.9542343395562984 -0.7115349394446727 1.189277325460889
0.8322167849102362 -1.450326954814696 0.8709276495728916 -0.4119496432750508 -0.7881162618252113 -0.4170288281141495 -1.0262847209822683 0.5761514688204884 -0.7012222951263888 -0.8103034270074734 -0.9542343395562984 -0.7115349394446727 -0.8757058119953168
-1.1475059633343776 0.6894996998299374 -0.1835587422866632 -0.0754098439278076 -0.3229137316168521 -0.4170288281141495 -1.0262847209822683 1.2681098634005576 1.4260812968300718 -0.4461221114984965 -0.9542343395562984 -0.7115349394446727 -0.8757058119953168
-0.927536769084976 0.6894996998299374 -1.238045134146218 -1.70201887410615 -1.0207175269293909 2.39791576165636 -1.0262847209822683 0.273419671191708 -0.7012222951263888 -0.8103034270074734 -0.9542343395562984 -0.7115349394446727 1.189277325460889
0.5022629935361339 0.6894996998299374 -0.1835587422866632 -0.2997697101593031 -0.6136653129970766 2.39791576165636 -1.0262847209822683 -0.6780231213558874 -0.7012222951263888 1.192693808291899 0.6764192786728188 0.3498707713291484 0.6730315410968375
0.3922783964114331 0.6894996998299374 -0.1835587422866632 0.4854898216509311 -0.749349384307848 2.39791576165636 0.9816636461569526 0.662646268142997 -0.7012222951263888 -0.8103034270074734 -0.9542343395562984 -0.7115349394446727 -0.8757058119953168
-0.5975829777108738 0.6894996998299374 -0.1835587422866632 -0.7484894426222941 -1.951122587346109 -0.4170288281141495 0.9816636461569526 -1.0240023186459222 -0.7012222951263888 -0.0819407959895198 -0.9542343395562984 2.4726821928767904 -0.8757058119953168
-1.1475059633343776 0.6894996998299374 0.8709276495728916 -1.1972091750852851 -1.0207175269293909 -0.4170288281141495 0.9816636461569526 1.1816150640780492 -0.7012222951263888 -0.8103034270074734 -0.9542343395562984 0.3498707713291484 -0.8757058119953168
1.2721551734090393 0.6894996998299374 -1.238045134146218 1.6072891528084083 -0.0709290277539908 -0.4170288281141495 -1.0262847209822683 -1.283486716613448 1.4260812968300718 -0.8103034270074734 0.6764192786728188 2.4726821928767904 0.6730315410968375
1.1621705762843384 -1.450326954814696 0.8709276495728916 1.0463894872296695 -0.4779812416863052 -0.4170288281141495 0.9816636461569526 -1.542971114580974 -0.7012222951263888 -0.7192580981302291 0.6764192786728188 2.4726821928767904 1.189277325460889
-1.3674751575837791 0.6894996998299374 0.8709276495728916 0.2611299554194355 1.266528246595042 -0.4170288281141495 -1.0262847209822683 -1.0672497183071763 1.4260812968300718 0.828512492782922 0.6764192786728188 -0.7115349394446727 0.6730315410968375
-0.2676291863367715 0.6894996998299374 -1.238045134146218 -0.1875897770435553 -0.8656500168599378 2.39791576165636 -1.0262847209822683 1.4843468617068294 -0.7012222951263888 -0.8103034270074734 -0.9542343395562984 -0.7115349394446727 -0.8757058119953168
1.1621705762843384 -1.450326954814696 -0.1835587422866632 0.4854898216509311 3.243638999980569 2.39791576165636 0.9816636461569526 0.3166670708529623 -0.7012222951263888 -0.0819407959895198 -0.9542343395562984 0.3498707713291484 -0.8757058119953168
0.942201382034937 -1.450326954814696 -1.238045134146218 0.4854898216509311 -1.0594844044467542 -0.4170288281141495 -1.0262847209822683 1.2681098634005576 -0.7012222951263888 -0.8103034270074734 -0.9542343395562984 1.4112764821029693 -0.8757058119953168
-1.037521366209677 -1.450326954814696 -1.238045134146218 -0.0754098439278076 -0.3035302928581704 -0.4170288281141495 0.9816636461569526 1.0951202647555405 -0.7012222951263888 -0.2640314537440081 0.6764192786728188 -0.7115349394446727 -0.8757058119953168
-1.47745975470848 -1.450326954814696 -1.238045134146218 -1.4776590078746543 -1.0013340881707091 -0.4170288281141495 -1.0262847209822683 0.79238846712676 -0.7012222951263888 -0.8103034270074734 -0.9542343395562984 0.3498707713291484 -0.8757058119953168
0.7222321877855354 0.6894996998299374 0.8709276495728916 0.3733098885351833 -1.6216041284485216 -0.4170288281141495 0.9816636461569526 -1.0672497183071763 1.4260812968300718 2.467328412573318 0.6764192786728188 0.3498707713291484 -0.8757058119953168
0.6122475906608347 -1.450326954814696 -0.1835587422866632 -0.6363095095065463 -1.389002863344342 2.39791576165636 -1.0262847209822683 -2.3214243084835524 -0.7012222951263888 -0.8103034270074734 -0.9542343395562984 -0.7115349394446727 -0.8757058119953168
0.5022629935361339 -1.450326954814696 0.8709276495728916 2.392548684618643 -0.0127787114779459 -0.4170288281141495 -1.0262847209822683 -0.2887965244045983 1.4260812968300718 -0.8103034270074734 0.6764192786728188 -0.7115349394446727 -0.8757058119953168
0.8322167849102362 0.6894996998299374 -1.238045134146218 -0.6363095095065463 0.6074913287998664 -0.4170288281141495 0.9816636461569526 -2.018692510854772 -0.7012222951263888 0.4643311772739453 0.6764192786728188 0.3498707713291484 1.189277325460889
0.2822937992867323 0.6894996998299374 -0.1835587422866632 1.0463894872296695 -2.396941678795787 2.39791576165636 -1.0262847209822683 1.0086254654330318 -0.7012222951263888 -0.628212769252985 -0.9542343395562984 0.3498707713291484 1.189277325460889
-0.3776137834614723 -1.450326954814696 0.8709276495728916 -0.0754098439278076 1.0726938590082256 -0.4170288281141495 -1.0262847209822683 -0.3320439240658527 1.4260812968300718 0.2822405195194569 0.6764192786728188 -0.7115349394446727 1.189277325460889
-1.1475059633343776 0.6894996998299374 -0.1835587422866632 -0.6363095095065463 -0.4585978029276235 -0.4170288281141495 -1.0262847209822683 0.8356358667880144 -0.7012222951263888 -0.8103034270074734 -0.9542343395562984 -0.7115349394446727 -0.8757058119953168
0.6122475906608347 -1.450326954814696 -2.2925315260057726 1.0463894872296695 -0.1872296603060806 -0.4170288281141495 -1.0262847209822683 0.9221306661105232 -0.7012222951263888 0.0091045328877243 -0.9542343395562984 -0.7115349394446727 -0.8757058119953168
0.942201382034937 0.6894996998299374 -2.2925315260057726 0.7659396544403004 -0.3229137316168521 2.39791576165636 0.9816636461569526 0.0139352732241819 -0.7012222951263888 1.2837391371691431 2.307072896901936 -0.7115349394446727 0.6730315410968375
0.2822937992867323 0.6894996998299374 0.8709276495728916 1.0463894872296695 0.5105741350064582 -0.4170288281141495 0.9816636461569526 -1.6294659139034828 1.4260812968300718 -0.2640314537440081 0.6764192786728188 0.3498707713291484 0.6730315410968375
-0.3776137834614723 0.6894996998299374 0.8709276495728916 0.4854898216509311 0.2198225536262337 -0.4170288281141495 0.9816636461569526 1.570841661029338 1.4260812968300718 -0.8103034270074734 -0.9542343395562984 -0.7115349394446727 -0.8757058119953168
0.3922783964114331 -1.450326954814696 -1.238045134146218 0.2611299554194355 1.3440620016297684 2.39791576165636 0.9816636461569526 0.1004300725466906 -0.7012222951263888 -0.8103034270074734 -0.9542343395562984 1.4112764821029693 -0.8757058119953168
-1.1475059633343776 -1.450326954814696 -0.1835587422866632 -0.7484894426222941 -0.1484627827887173 -0.4170288281141495 -1.0262847209822683 -0.0293121264370723 -0.7012222951263888 -0.5371674403757407 0.6764192786728188 0.3498707713291484 -0.8757058119953168
-0.8175521719602753 0.6894996998299374 -0.1835587422866632 -1.3093891082010327 -0.1290793440300357 -0.4170288281141495 -1.0262847209822683 0.1004300725466906 -0.7012222951263888 -0.8103034270074734 -0.9542343395562984 -0.7115349394446727 -0.8757058119953168
0.7222321877855354 0.6894996998299374 0.8709276495728916 -0.6363095095065463 0.200439114867552 -0.4170288281141495 -1.0262847209822683 -0.4185387233883614 1.4260812968300718 2.467328412573318 0.6764192786728188 0.3498707713291484 1.189277325460889
0.2822937992867323 -1.450326954814696 0.8709276495728916 -0.6363095095065463 2.022482358183625 -0.4170288281141495 -1.0262847209822683 0.5761514688204884 1.4260812968300718 -0.2640314537440081 -0.9542343395562984 -0.7115349394446727 -0.8757058119953168
1.7120935619078423 0.6894996998299374 -1.238045134146218 1.382929286576913 -0.0903124665126724 -0.4170288281141495 0.9816636461569526 -0.2887965244045983 -0.7012222951263888 -0.8103034270074734 -0.9542343395562984 -0.7115349394446727 -0.8757058119953168
2.3720011446560467 -1.450326954814696 -0.1835587422866632 0.4854898216509311 -1.0207175269293909 -0.4170288281141495 -0.0223105374126579 -1.4564763152584654 -0.7012222951263888 0.1911951906422127 0.6764192786728188 -0.7115349394446727 -0.8757058119953168
1.38213977053374 -1.450326954814696 0.8709276495728916 -1.4215690413167803 -0.5167481192036685 -0.4170288281141495 -1.0262847209822683 -0.3320439240658527 -0.7012222951263888 -0.5371674403757407 -0.9542343395562984 1.4112764821029693 -0.8757058119953168
-1.037521366209677 0.6894996998299374 0.8709276495728916 0.5976697547666788 1.1502276140429522 -0.4170288281141495 0.9816636461569526 -0.115806925759581 1.4260812968300718 -0.8103034270074734 0.6764192786728188 2.4726821928767904 1.189277325460889
-1.037521366209677 0.6894996998299374 0.8709276495728916 -1.5337489744325283 -0.807499700583893 -0.4170288281141495 0.9816636461569526 -0.0725595260983267 1.4260812968300718 -0.5371674403757407 0.6764192786728188 -0.7115349394446727 -0.8757058119953168
-1.6974289489578815 -1.450326954814696 -0.1835587422866632 -2.094648640011267 -0.9819506494120276 -0.4170288281141495 -1.0262847209822683 1.2681098634005576 -0.7012222951263888 -0.8103034270074734 -0.9542343395562984 -0.7115349394446727 -0.8757058119953168
-1.3674751575837791 -1.450326954814696 -0.1835587422866632 -0.6363095095065463 -0.7881162618252113 -0.4170288281141495 -1.0262847209822683 1.0086254654330318 -0.7012222951263888 -0.8103034270074734 0.6764192786728188 -0.7115349394446727 -0.8757058119953168
0.1723092021620315 0.6894996998299374 -1.238045134146218 -0.6363095095065463 -0.2647634153408071 -0.4170288281141495 -1.0262847209822683 1.2248624637393035 -0.7012222951263888 -0.0819407959895198 -0.9542343395562984 -0.7115349394446727 -0.8757058119953168
0.3922783964114331 0.6894996998299374 0.8709276495728916 0.8220296209981742 -0.6136653129970766 -0.4170288281141495 -1.0262847209822683 -1.9321977115322635 -0.7012222951263888 -0.628212769252985 0.6764192786728188 0.3498707713291484 1.189277325460889
-2.1373673374566846 0.6894996998299374 0.8709276495728916 -0.6363095095065463 -1.0013340881707091 -0.4170288281141495 -1.0262847209822683 -0.8510127200009048 1.4260812968300718 0.6464218350284338 0.6764192786728188 -0.7115349394446727 1.189277325460889
0.3922783964114331 0.6894996998299374 0.8709276495728916 1.0463894872296695 0.3942735024543684 -0.4170288281141495 0.9816636461569526 -1.6727133135647372 1.4260812968300718 -0.0819407959895198 -0.9542343395562984 -0.7115349394446727 1.189277325460889
-1.47745975470848 0.6894996998299374 -0.1835587422866632 -0.0754098439278076 -0.6911990680318032 -0.4170288281141495 0.9816636461569526 0.79238846712676 -0.7012222951263888 -0.628212769252985 0.6764192786728188 -0.7115349394446727 -0.8757058119953168
0.2822937992867323 0.6894996998299374 0.8709276495728916 -1.1972091750852851 -0.9431837718946644 -0.4170288281141495 -1.0262847209822683 -1.0240023186459222 1.4260812968300718 0.5553765061511895 0.6764192786728188 -0.7115349394446727 0.6730315410968375
-1.3674751575837791 0.6894996998299374 -2.2925315260057726 0.934209554113922 -0.1096959052713541 -0.4170288281141495 0.9816636461569526 1.2248624637393035 -0.7012222951263888 -0.0819407959895198 -0.9542343395562984 1.4112764821029693 -0.8757058119953168
0.8322167849102362 0.6894996998299374 -1.238045134146218 -0.1875897770435553 -0.807499700583893 2.39791576165636 0.9816636461569526 -0.4185387233883614 -0.7012222951263888 -0.8103034270074734 -0.9542343395562984 -0.7115349394446727 -0.8757058119953168
0.5022629935361339 0.6894996998299374 -2.2925315260057726 2.616908550850138 0.3942735024543684 -0.4170288281141495 0.9816636461569526 -0.2023017250820897 -0.7012222951263888 3.013600385836783 2.307072896901936 -0.7115349394446727 1.189277325460889
-1.47745975470848 -1.450326954814696 -1.238045134146218 -0.2997697101593031 1.092077297766907 -0.4170288281141495 -1.0262847209822683 0.5761514688204884 -0.7012222951263888 -0.8103034270074734 -0.9542343395562984 -0.7115349394446727 -0.8757058119953168
-0.487598380586173 0.6894996998299374 0.8709276495728916 1.0463894872296695 -0.1290793440300357 -0.4170288281141495 0.9816636461569526 -0.9375075193234136 -0.7012222951263888 1.5568751238008758 0.6764192786728188 -0.7115349394446727 1.189277325460889
0.5022629935361339 0.6894996998299374 -1.238045134146218 0.4854898216509311 -0.5555149967210317 -0.4170288281141495 -1.0262847209822683 0.6193988684817427 1.4260812968300718 -0.8103034270074734 -0.9542343395562984 -0.7115349394446727 -0.8757058119953168
0.7222321877855354 -1.450326954814696 0.8709276495728916 -0.0754098439278076 1.5572798279752664 -0.4170288281141495 0.9816636461569526 0.8356358667880144 -0.7012222951263888 -0.8103034270074734 -0.9542343395562984 -0.7115349394446727 -0.8757058119953168
-0.0476599920873699 0.6894996998299374 0.8709276495728916 -0.4119496432750508 0.3167397474196419 -0.4170288281141495 0.9816636461569526 -1.759208112887246 1.4260812968300718 1.192693808291899 0.6764192786728188 0.3498707713291484 1.189277325460889
-0.0476599920873699 0.6894996998299374 0.8709276495728916 -1.1972091750852851 -0.8462665781012563 -0.4170288281141495 0.9816636461569526 -1.8024555125485 1.4260812968300718 -0.8103034270074734 0.6764192786728188 0.3498707713291484 -0.8757058119953168
-0.2676291863367715 0.6894996998299374 0.8709276495728916 -0.355859676717177 -0.7299659455491664 -0.4170288281141495 -1.0262847209822683 0.79238846712676 -0.7012222951263888 -0.7192580981302291 -0.9542343395562984 1.4112764821029693 1.189277325460889
-0.8175521719602753 0.6894996998299374 0.8709276495728916 -1.1972091750852851 0.4911906962477765 -0.4170288281141495 0.9816636461569526 -1.3699815159359567 1.4260812968300718 -0.7192580981302291 0.6764192786728188 0.3498707713291484 -0.8757058119953168
1.2721551734090393 0.6894996998299374 0.8709276495728916 -0.6363095095065463 1.0145435427321807 -0.4170288281141495 0.9816636461569526 0.0571826728854363 -0.7012222951263888 -0.4461221114984965 0.6764192786728188 -0.7115349394446727 -0.8757058119953168
0.3922783964114331 0.6894996998299374 0.8709276495728916 -1.7581088406640235 -0.3035302928581704 -0.4170288281141495 -1.0262847209822683 0.273419671191708 -0.7012222951263888 -0.7192580981302291 -0.9542343395562984 0.3498707713291484 1.189277325460889
1.0521859791596375 -1.450326954814696 -0.1835587422866632 0.4854898216509311 1.2277613690776787 -0.4170288281141495 -1.0262847209822683 -0.7212705210171417 -0.7012222951263888 -0.628212769252985 -0.9542343395562984 -0.7115349394446727 1.189277325460889
-0.487598380586173 -1.450326954814696 -1.238045134146218 -0.6363095095065463 -0.1096959052713541 -0.4170288281141495 -1.0262847209822683 0.532904069159234 -0.7012222951263888 0.1911951906422127 -0.9542343395562984 -0.7115349394446727 -0.8757058119953168
-1.1475059633343776 -1.450326954814696 -0.1835587422866632 -1.3093891082010327 -2.1061900974155625 -0.4170288281141495 -1.0262847209822683 1.0951202647555405 -0.7012222951263888 -0.2640314537440081 0.6764192786728188 -0.7115349394446727 -0.8757058119953168
1.38213977053374 0.6894996998299374 0.8709276495728916 -0.6363095095065463 -0.2453799765821255 -0.4170288281141495 -1.0262847209822683 -3.4026093000149107 -0.7012222951263888 -0.7192580981302291 0.6764192786728188 -0.7115349394446727 -0.8757058119953168
-0.5975829777108738 -1.450326954814696 0.8709276495728916 -0.0754098439278076 0.3748900636956868 -0.4170288281141495 -1.0262847209822683 0.5761514688204884 -0.7012222951263888 -0.8103034270074734 -0.9542343395562984 -0.7115349394446727 -0.8757058119953168
0.2822937992867323 0.6894996998299374 0.8709276495728916 1.8877389855977775 0.7625588388693195 2.39791576165636 0.9816636461569526 -1.1104971179684309 -0.7012222951263888 -0.7192580981302291 0.6764192786728188 2.4726821928767904 1.189277325460889
0.942201382034937 0.6894996998299374 0.8709276495728916 -0.0754098439278076 0.0841384823154622 -0.4170288281141495 0.9816636461569526 -0.115806925759581 -0.7012222951263888 0.4643311772739453 0.6764192786728188 0.3498707713291484 1.189277325460889
-0.7075675748355745 0.6894996998299374 0.8709276495728916 -0.4119496432750508 0.4718072574890949 -0.4170288281141495 0.9816636461569526 0.7058936678042513 -0.7012222951263888 -0.3550767826212523 0.6764192786728188 -0.7115349394446727 1.189277325460889
-0.3776137834614723 0.6894996998299374 -0.1835587422866632 -1.7581088406640235 -0.53613155796235 -0.4170288281141495 -1.0262847209822683 -0.2887965244045983 1.4260812968300718 0.2822405195194569 0.6764192786728188 -0.7115349394446727 -0.8757058119953168
0.6122475906608347 -1.450326954814696 0.8709276495728916 1.0463894872296695 0.1616722373501888 -0.4170288281141495 0.9816636461569526 0.3166670708529623 -0.7012222951263888 1.5568751238008758 0.6764192786728188 1.4112764821029693 1.189277325460889
0.5022629935361339 0.6894996998299374 0.8709276495728916 0.4854898216509311 -1.4083863021030236 -0.4170288281141495 -1.0262847209822683 0.532904069159234 1.4260812968300718 -0.8103034270074734 -0.9542343395562984 0.3498707713291484 1.189277325460889
-1.037521366209677 -1.450326954814696 -1.238045134146218 -1.085029241969537 -1.7379047610006115 -0.4170288281141495 -1.0262847209822683 -0.5050335227108701 -0.7012222951263888 -0.8103034270074734 0.6764192786728188 -0.7115349394446727 -0.8757058119953168
0.0623246050373308 -1.450326954814696 0.8709276495728916 2.729088483965886 1.4991295116992216 -0.4170288281141495 -0.0223105374126579 -1.413228915597211 1.4260812968300718 2.285237754818829 0.6764192786728188 -0.7115349394446727 -0.8757058119953168
-1.47745975470848 0.6894996998299374 -1.238045134146218 -1.1972091750852851 -0.2841468540994888 -0.4170288281141495 -1.0262847209822683 0.143677472207945 -0.7012222951263888 -0.8103034270074734 -0.9542343395562984 -0.7115349394446727 -0.8757058119953168
0.6122475906608347 -1.450326954814696 0.8709276495728916 1.4951092196926608 1.0726938590082256 -0.4170288281141495 0.9816636461569526 0.4896566694979797 -0.7012222951263888 -0.8103034270074734 -0.9542343395562984 -0.7115349394446727 -0.8757058119953168
-0.0476599920873699 -1.450326954814696 -0.1835587422866632 0.2050399888615617 1.053310420249544 2.39791576165636 -1.0262847209822683 0.8788832664492687 -0.7012222951263888 -0.8103034270074734 -0.9542343395562984 -0.7115349394446727 -0.8757058119953168
-1.3674751575837791 0.6894996998299374 -1.238045134146218 -0.6363095095065463 0.8788594714214093 -0.4170288281141495 -1.0262847209822683 0.532904069159234 -0.7012222951263888 -0.8103034270074734 -0.9542343395562984 -0.7115349394446727 -0.8757058119953168
-0.5975829777108738 -1.450326954814696 -1.238045134146218 0.1489500223036878 0.41365694121305 -0.4170288281141495 -1.0262847209822683 0.532904069159234 -0.7012222951263888 -0.8103034270074734 0.6764192786728188 -0.7115349394446727 -0.8757058119953168
-0.927536769084976 0.6894996998299374 0.8709276495728916 -0.6363095095065463 -0.0127787114779459 -0.4170288281141495 0.9816636461569526 -0.245549124743344 -0.7012222951263888 -0.0819407959895198 -0.9542343395562984 -0.7115349394446727 1.189277325460889
0.1723092021620315 -1.450326954814696 0.8709276495728916 3.850887815123363 0.7431754001106379 2.39791576165636 0.9816636461569526 -0.7212705210171417 1.4260812968300718 -0.4461221114984965 2.307072896901936 1.4112764821029693 1.189277325460889
1.2721551734090393 -1.450326954814696 -2.2925315260057726 1.0463894872296695 -0.4585978029276235 -0.4170288281141495 -1.0262847209822683 -1.542971114580974 -0.7012222951263888 1.5568751238008758 2.307072896901936 -0.7115349394446727 -0.8757058119953168
0.1723092021620315 0.6894996998299374 0.8709276495728916 -0.0754098439278076 0.6462582063172296 2.39791576165636 0.9816636461569526 -2.018692510854772 1.4260812968300718 0.6464218350284338 2.307072896901936 -0.7115349394446727 1.189277325460889
-0.5975829777108738 0.6894996998299374 -0.1835587422866632 -0.6363095095065463 -1.1951684757575256 -0.4170288281141495 -1.0262847209822683 -0.4617861230496157 -0.7012222951263888 -0.628212769252985 0.6764192786728188 2.4726821928767904 1.189277325460889
-0.0476599920873699 0.6894996998299374 0.8709276495728916 -0.5241295763907986 0.7044085225932746 -0.4170288281141495 0.9816636461569526 -1.4564763152584654 1.4260812968300718 2.103147097064341 0.6764192786728188 1.4112764821029693 -0.8757058119953168
0.2822937992867323 0.6894996998299374 0.8709276495728916 1.1585694203454175 0.4718072574890949 -0.4170288281141495 -1.0262847209822683 -2.6674035057735868 1.4260812968300718 0.2822405195194569 0.6764192786728188 0.3498707713291484 1.189277325460889
1.1621705762843384 -1.450326954814696 -0.1835587422866632 1.6072891528084083 2.138782990735716 -0.4170288281141495 0.9816636461569526 0.0571826728854363 -0.7012222951263888 -0.0819407959895198 -0.9542343395562984 -0.7115349394446727 -0.8757058119953168
-0.0476599920873699 0.6894996998299374 -0.1835587422866632 -0.355859676717177 0.4524238187304133 -0.4170288281141495 0.9816636461569526 0.1004300725466906 -0.7012222951263888 -0.3550767826212523 2.307072896901936 0.3498707713291484 -0.8757058119953168
-0.0476599920873699 -1.450326954814696 -0.1835587422866632 1.6072891528084083 -0.9431837718946644 -0.4170288281141495 -1.0262847209822683 0.5761514688204884 -0.7012222951263888 -0.8103034270074734 -0.9542343395562984 0.3498707713291484 -0.8757058119953168
0.8322167849102362 0.6894996998299374 0.8709276495728916 -0.6363095095065463 0.3361231861783235 -0.4170288281141495 -1.0262847209822683 -2.1916821094997894 1.4260812968300718 0.828512492782922 0.6764192786728188 1.4112764821029693 1.189277325460889
-0.2676291863367715 -1.450326954814696 -0.1835587422866632 0.2611299554194355 -1.0401009656880726 -0.4170288281141495 0.9816636461569526 0.8356358667880144 -0.7012222951263888 -0.7192580981302291 0.6764192786728188 -0.7115349394446727 -0.8757058119953168
-0.2676291863367715 0.6894996998299374 -1.238045134146218 0.1489500223036878 -0.9431837718946644 -0.4170288281141495 -1.0262847209822683 0.3599144705142166 -0.7012222951263888 -0.0819407959895198 -0.9542343395562984 0.3498707713291484 -0.8757058119953168
0.6122475906608347 0.6894996998299374 0.8709276495728916 -0.8045794091801679 -0.381064047892897 2.39791576165636 -1.0262847209822683 0.4464092698367253 1.4260812968300718 0.4643311772739453 -0.9542343395562984 1.4112764821029693 1.189277325460889
0.942201382034937 -1.450326954814696 0.8709276495728916 -1.3093891082010327 0.3748900636956868 -0.4170288281141495 -1.0262847209822683 0.8356358667880144 1.4260812968300718 0.828512492782922 0.6764192786728188 1.4112764821029693 -0.8757058119953168
1.2721551734090393 0.6894996998299374 0.8709276495728916 -1.085029241969537 -0.7299659455491664 -0.4170288281141495 0.9816636461569526 -0.7645179206783961 1.4260812968300718 -0.7192580981302291 -0.9542343395562984 0.3498707713291484 -0.8757058119953168
-1.3674751575837791 0.6894996998299374 0.8709276495728916 0.4854898216509311 -0.4585978029276235 -0.4170288281141495 -1.0262847209822683 1.2248624637393035 -0.7012222951263888 -0.8103034270074734 -0.9542343395562984 -0.7115349394446727 -0.8757058119953168
1.0521859791596375 0.6894996998299374 0.8709276495728916 -0.6363095095065463 -0.0709290277539908 -0.4170288281141495 0.9816636461569526 -2.3214243084835524 1.4260812968300718 1.192693808291899 2.307072896901936 0.3498707713291484 -0.8757058119953168
-0.0476599920873699 0.6894996998299374 -0.1835587422866632 1.0463894872296695 -0.3422971703755337 -0.4170288281141495 0.9816636461569526 0.662646268142997 -0.7012222951263888 0.6464218350284338 -0.9542343395562984 -0.7115349394446727 1.189277325460889
-0.927536769084976 -1.450326954814696 -0.1835587422866632 0.5976697547666788 -1.4083863021030236 -0.4170288281141495 0.9816636461569526 0.4464092698367253 1.4260812968300718 0.4643311772739453 2.307072896901936 -0.7115349394446727 -0.8757058119953168
1.38213977053374 -1.450326954814696 -0.1835587422866632 1.1585694203454175 0.5299575737651399 -0.4170288281141495 -1.0262847209822683 0.9653780657717774 -0.7012222951263888 -0.8103034270074734 -0.9542343395562984 0.3498707713291484 -0.8757058119953168
0.1723092021620315 0.6894996998299374 0.8709276495728916 -0.355859676717177 -0.0127787114779459 2.39791576165636 0.9816636461569526 -0.245549124743344 1.4260812968300718 0.2822405195194569 0.6764192786728188 0.3498707713291484 -0.8757058119953168
-2.2473519345813853 -1.450326954814696 -1.238045134146218 -0.7484894426222941 -0.7687328230665297 -0.4170288281141495 -1.0262847209822683 1.830326058996864 -0.7012222951263888 -0.1729861248667639 -0.9542343395562984 -0.7115349394446727 -0.8757058119953168
0.2822937992867323 0.6894996998299374 0.8709276495728916 0.0367700891879401 -0.8268831393425746 -0.4170288281141495 -1.0262847209822683 0.79238846712676 1.4260812968300718 -0.8103034270074734 -0.9542343395562984 -0.7115349394446727 1.189277325460889
1.0521859791596375 0.6894996998299374 0.8709276495728916 0.7659396544403004 -0.7299659455491664 -0.4170288281141495 0.9816636461569526 -0.7645179206783961 -0.7012222951263888 -0.628212769252985 0.6764192786728188 1.4112764821029693 0.6730315410968375
0.5022629935361339 0.6894996998299374 0.8709276495728916 0.3733098885351833 0.41365694121305 -0.4170288281141495 0.9816636461569526 1.3978520623843207 -0.7012222951263888 -0.8103034270074734 -0.9542343395562984 -0.7115349394446727 -0.8757058119953168
-0.487598380586173 0.6894996998299374 -0.1835587422866632 0.4854898216509311 -0.3229137316168521 -0.4170288281141495 -1.0262847209822683 0.5761514688204884 -0.7012222951263888 -0.2640314537440081 0.6764192786728188 0.3498707713291484 1.189277325460889
-0.3776137834614723 0.6894996998299374 -2.2925315260057726 -0.355859676717177 -0.7105825067904847 -0.4170288281141495 0.9816636461569526 -1.0672497183071763 1.4260812968300718 0.4643311772739453 -0.9542343395562984 0.3498707713291484 -0.8757058119953168
-0.0476599920873699 0.6894996998299374 -1.238045134146218 3.4021680826603724 0.6462582063172296 -0.4170288281141495 0.9816636461569526 1.9600682579806272 -0.7012222951263888 -0.8103034270074734 -0.9542343395562984 0.3498707713291484 1.189277325460889
-0.1576445892120707 0.6894996998299374 0.8709276495728916 -0.4680396098329247 0.626874767558548 -0.4170288281141495 -1.0262847209822683 -2.3646717081448068 1.4260812968300718 -0.628212769252985 0.6764192786728188 1.4112764821029693 1.189277325460889
-0.2676291863367715 0.6894996998299374 0.8709276495728916 -1.085029241969537 -0.381064047892897 -0.4170288281141495 -1.0262847209822683 0.4464092698367253 -0.7012222951263888 -0.8103034270074734 -0.9542343395562984 0.3498707713291484 -0.8757058119953168
-1.5874443518331809 0.6894996998299374 0.8709276495728916 -1.1972091750852851 -1.60222068968984 -0.4170288281141495 0.9816636461569526 -1.542971114580974 1.4260812968300718 -0.628212769252985 0.6764192786728188 -0.7115349394446727 1.189277325460889
0.3922783964114331 0.6894996998299374 -0.1835587422866632 0.0367700891879401 -0.4973646804449868 -0.4170288281141495 0.9816636461569526 1.0086254654330318 -0.7012222951263888 2.103147097064341 -0.9542343395562984 1.4112764821029693 1.189277325460889
-1.47745975470848 -1.450326954814696 -0.1835587422866632 -1.085029241969537 0.3555066249370051 -0.4170288281141495 0.9816636461569526 0.9653780657717774 1.4260812968300718 -0.8103034270074734 -0.9542343395562984 -0.7115349394446727 -0.8757058119953168
-1.47745975470848 0.6894996998299374 -0.1835587422866632 -1.085029241969537 0.0066047272807357 -0.4170288281141495 -1.0262847209822683 1.2681098634005576 -0.7012222951263888 -0.8103034270074734 -0.9542343395562984 -0.7115349394446727 -0.8757058119953168
-0.487598380586173 -1.450326954814696 -0.1835587422866632 -0.6363095095065463 -0.594281874238395 -0.4170288281141495 -1.0262847209822683 0.3599144705142166 -0.7012222951263888 0.6464218350284338 0.6764192786728188 -0.7115349394446727 -0.8757058119953168
-0.0476599920873699 -1.450326954814696 -0.1835587422866632 -1.3093891082010327 0.3361231861783235 -0.4170288281141495 0.9816636461569526 0.7491410674655057 -0.7012222951263888 -0.8103034270074734 -0.9542343395562984 -0.7115349394446727 -0.8757058119953168
1.0521859791596375 -1.450326954814696 0.8709276495728916 -0.0754098439278076 1.0339269814908625 -0.4170288281141495 -1.0262847209822683 -1.1969919172909391 -0.7012222951263888 -0.628212769252985 0.6764192786728188 1.4112764821029693 -0.8757058119953168
-0.3776137834614723 -1.450326954814696 -0.1835587422866632 -0.0754098439278076 0.1229053598328255 -0.4170288281141495 0.9816636461569526 -0.0293121264370723 -0.7012222951263888 -0.3550767826212523 -0.9542343395562984 -0.7115349394446727 -0.8757058119953168
-0.927536769084976 -1.450326954814696 -1.238045134146218 -1.4776590078746543 -0.8850334556186195 -0.4170288281141495 -1.0262847209822683 0.9653780657717774 -0.7012222951263888 -0.8103034270074734 -0.9542343395562984 -0.7115349394446727 -0.8757058119953168
0.0623246050373308 0.6894996998299374 0.8709276495728916 0.4854898216509311 -0.6330487517557583 -0.4170288281141495 -1.0262847209822683 -1.6727133135647372 1.4260812968300718 4.288234990118202 2.307072896901936 -0.7115349394446727 1.189277325460889
-1.037521366209677 0.6894996998299374 -1.238045134146218 -0.1875897770435553 1.1308441752842706 -0.4170288281141495 0.9816636461569526 0.8788832664492687 -0.7012222951263888 -0.8103034270074734 -0.9542343395562984 -0.7115349394446727 -0.8757058119953168
0.1723092021620315 0.6894996998299374 -2.2925315260057726 -0.6363095095065463 -1.0982512819641177 -0.4170288281141495 0.9816636461569526 0.532904069159234 -0.7012222951263888 0.9195578216601664 0.6764192786728188 -0.7115349394446727 1.189277325460889
1.2721551734090393 -1.450326954814696 0.8709276495728916 2.616908550850138 -0.4198309254102602 2.39791576165636 -1.0262847209822683 0.662646268142997 1.4260812968300718 -0.7192580981302291 0.6764192786728188 1.4112764821029693 1.189277325460889
-1.8074135460825824 0.6894996998299374 -2.2925315260057726 -0.6363095095065463 -0.3616806091342153 -0.4170288281141495 -1.0262847209822683 1.3978520623843207 1.4260812968300718 2.649419070327806 0.6764192786728188 -0.7115349394446727 1.189277325460889
0.8322167849102362 -1.450326954814696 0.8709276495728916 1.0463894872296695 -0.1096959052713541 -0.4170288281141495 -1.0262847209822683 0.1869248718691993 1.4260812968300718 0.4643311772739453 0.6764192786728188 -0.7115349394446727 -0.8757058119953168
0.0623246050373308 0.6894996998299374 -1.238045134146218 -0.0754098439278076 0.2392059923849153 -0.4170288281141495 -1.0262847209822683 0.2301722715304536 -0.7012222951263888 -0.8103034270074734 -0.9542343395562984 -0.7115349394446727 -0.8757058119953168
0.3922783964114331 0.6894996998299374 0.8709276495728916 -0.1875897770435553 0.1810556761088704 -0.4170288281141495 0.9816636461569526 -0.8510127200009048 1.4260812968300718 -0.5371674403757407 0.6764192786728188 1.4112764821029693 1.189277325460889
-1.2574905604590785 0.6894996998299374 0.8709276495728916 -1.1972091750852851 -0.749349384307848 -0.4170288281141495 -1.0262847209822683 0.4896566694979797 -0.7012222951263888 -0.8103034270074734 -0.9542343395562984 -0.7115349394446727 1.189277325460889
1.0521859791596375 -1.450326954814696 0.8709276495728916 2.729088483965886 1.4603626341818583 -0.4170288281141495 -1.0262847209822683 0.1869248718691993 1.4260812968300718 -0.8103034270074734 -0.9542343395562984 -0.7115349394446727 -0.8757058119953168
-0.487598380586173 -1.450326954814696 0.8709276495728916 -1.1972091750852851 0.0841384823154622 -0.4170288281141495 0.9816636461569526 0.403161870175471 -0.7012222951263888 -0.8103034270074734 -0.9542343395562984 -0.7115349394446727 -0.8757058119953168
-0.1576445892120707 0.6894996998299374 -0.1835587422866632 -0.0754098439278076 -1.0207175269293909 2.39791576165636 0.9816636461569526 0.1004300725466906 -0.7012222951263888 0.2822405195194569 2.307072896901936 -0.7115349394446727 -0.8757058119953168
-1.037521366209677 -1.450326954814696 0.8709276495728916 0.3733098885351833 -0.2647634153408071 -0.4170288281141495 0.9816636461569526 0.1004300725466906 1.4260812968300718 -0.628212769252985 0.6764192786728188 -0.7115349394446727 -0.8757058119953168
1.1621705762843384 0.6894996998299374 -2.2925315260057726 0.3733098885351833 0.626874767558548 2.39791576165636 0.9816636461569526 1.051872865094286 -0.7012222951263888 0.4643311772739453 0.6764192786728188 0.3498707713291484 -0.8757058119953168
1.6021089647831417 0.6894996998299374 -2.2925315260057726 1.6072891528084083 -0.3035302928581704 2.39791576165636 0.9816636461569526 -0.8077653203396504 -0.7012222951263888 -0.7192580981302291 0.6764192786728188 0.3498707713291484 -0.8757058119953168
1.6021089647831417 0.6894996998299374 -0.1835587422866632 0.4854898216509311 0.0841384823154622 -0.4170288281141495 0.9816636461569526 -0.1590543254208353 -0.7012222951263888 -0.628212769252985 0.6764192786728188 2.4726821928767904 1.189277325460889
1.38213977053374 0.6894996998299374 0.8709276495728916 -1.7581088406640235 0.9563932264561358 -0.4170288281141495 0.9816636461569526 -1.0672497183071763 1.4260812968300718 0.0091045328877243 0.6764192786728188 1.4112764821029693 -0.8757058119953168
1.4921243676584408 -1.450326954814696 -0.1835587422866632 -0.6363095095065463 -0.749349384307848 -0.4170288281141495 0.9816636461569526 -1.4997237149197198 -0.7012222951263888 0.5553765061511895 0.6764192786728188 -0.7115349394446727 -0.8757058119953168
-2.2473519345813853 0.6894996998299374 -2.2925315260057726 -0.7484894426222941 -1.3114691083096155 -0.4170288281141495 0.9816636461569526 1.051872865094286 -0.7012222951263888 -0.8103034270074734 -0.9542343395562984 -0.7115349394446727 -0.8757058119953168
0.8322167849102362 -1.450326954814696 0.8709276495728916 0.3733098885351833 0.8594760326627277 2.39791576165636 -1.0262847209822683 -1.888950311871009 -0.7012222951263888 0.9195578216601664 0.6764192786728188 2.4726821928767904 -0.8757058119953168
-0.3776137834614723 0.6894996998299374 0.8709276495728916 0.4854898216509311 0.937009787697454 -0.4170288281141495 -1.0262847209822683 -1.1969919172909391 1.4260812968300718 3.013600385836783 0.6764192786728188 2.4726821928767904 1.189277325460889
-0.927536769084976 0.6894996998299374 -0.1835587422866632 1.0463894872296695 -0.3616806091342153 -0.4170288281141495 -1.0262847209822683 -0.115806925759581 -0.7012222951263888 2.467328412573318 0.6764192786728188 -0.7115349394446727 -0.8757058119953168
1.38213977053374 0.6894996998299374 0.8709276495728916 -0.355859676717177 0.0841384823154622 2.39791576165636 -1.0262847209822683 0.5761514688204884 -0.7012222951263888 -0.628212769252985 0.6764192786728188 1.4112764821029693 1.189277325460889
-0.487598380586173 0.6894996998299374 -0.1835587422866632 -0.1314998104856815 -1.0401009656880726 -0.4170288281141495 -1.0262847209822683 0.5761514688204884 -0.7012222951263888 -0.8103034270074734 -0.9542343395562984 -0.7115349394446727 -0.8757058119953168
-1.3674751575837791 0.6894996998299374 -0.1835587422866632 -0.6363095095065463 -0.1872296603060806 2.39791576165636 -1.0262847209822683 1.9168208583193729 -0.7012222951263888 -0.0819407959895198 2.307072896901936 -0.7115349394446727 1.189277325460889
0.1723092021620315 -1.450326954814696 0.8709276495728916 0.1489500223036878 3.088571489911116 -0.4170288281141495 0.9816636461569526 0.0139352732241819 1.4260812968300718 0.9195578216601664 0.6764192786728188 1.4112764821029693 1.189277325460889
-1.47745975470848 0.6894996998299374 0.8709276495728916 -1.1972091750852851 -1.5053034958964318 -0.4170288281141495 0.9816636461569526 0.3599144705142166 -0.7012222951263888 -0.8103034270074734 -0.9542343395562984 -0.7115349394446727 1.189277325460889
-1.3674751575837791 -1.450326954814696 0.8709276495728916 -1.645928907548276 0.2973563086609602 -0.4170288281141495 0.9816636461569526 -1.1969919172909391 -0.7012222951263888 -0.2640314537440081 0.6764192786728188 -0.7115349394446727 -0.8757058119953168
-0.1576445892120707 0.6894996998299374 -0.1835587422866632 -0.0754098439278076 -0.0709290277539908 2.39791576165636 0.9816636461569526 1.0086254654330318 -0.7012222951263888 -0.8103034270074734 -0.9542343395562984 2.4726821928767904 -0.8757058119953168
-1.2574905604590785 0.6894996998299374 -0.1835587422866632 -0.0754098439278076 1.266528246595042 -0.4170288281141495 -1.0262847209822683 0.532904069159234 -0.7012222951263888 0.9195578216601664 -0.9542343395562984 0.3498707713291484 -0.8757058119953168
0.1723092021620315 0.6894996998299374 0.8709276495728916 0.0367700891879401 -1.2727022307922522 -0.4170288281141495 0.9816636461569526 -1.9321977115322635 1.4260812968300718 1.1016484794146546 0.6764192786728188 0.3498707713291484 0.6730315410968375
-0.2676291863367715 0.6894996998299374 0.8709276495728916 -1.3093891082010327 -0.3229137316168521 2.39791576165636 -1.0262847209822683 -0.115806925759581 -0.7012222951263888 -0.7192580981302291 -0.9542343395562984 2.4726821928767904 1.189277325460889
0.8322167849102362 -1.450326954814696 0.8709276495728916 0.4854898216509311 2.797819908530891 -0.4170288281141495 0.9816636461569526 0.3166670708529623 -0.7012222951263888 0.2822405195194569 0.6764192786728188 -0.7115349394446727 -0.8757058119953168
1.7120935619078423 0.6894996998299374 -0.1835587422866632 1.6072891528084083 0.3748900636956868 -0.4170288281141495 -1.0262847209822683 -1.6294659139034828 1.4260812968300718 1.8300111104326084 0.6764192786728188 0.3498707713291484 1.189277325460889
-0.0476599920873699 0.6894996998299374 0.8709276495728916 0.4854898216509311 -0.2066130990647622 -0.4170288281141495 -1.0262847209822683 0.4464092698367253 -0.7012222951263888 0.2822405195194569 -0.9542343395562984 -0.7115349394446727 -0.8757058119953168
1.7120935619078423 0.6894996998299374 0.8709276495728916 0.7659396544403004 -1.4665366183790685 -0.4170288281141495 -1.0262847209822683 -1.0672497183071763 1.4260812968300718 1.5568751238008758 2.307072896901936 -0.7115349394446727 1.189277325460889
-0.0476599920873699 0.6894996998299374 -1.238045134146218 -1.3093891082010327 1.1502276140429522 -0.4170288281141495 -1.0262847209822683 0.273419671191708 -0.7012222951263888 -0.8103034270074734 -0.9542343395562984 -0.7115349394446727 1.189277325460889
-2.1373673374566846 0.6894996998299374 0.8709276495728916 -0.2997697101593031 0.626874767558548 -0.4170288281141495 0.9816636461569526 0.273419671191708 1.4260812968300718 -0.8103034270074734 -0.9542343395562984 -0.7115349394446727 1.189277325460889
-0.7075675748355745 0.6894996998299374 -0.1835587422866632 -0.4119496432750508 0.1035219210741438 2.39791576165636 -1.0262847209822683 1.0951202647555405 -0.7012222951263888 -0.8103034270074734 -0.9542343395562984 1.4112764821029693 -0.8757058119953168
0.0623246050373308 -1.450326954814696 -1.238045134146218 0.2050399888615617 0.0066047272807357 -0.4170288281141495 0.9816636461569526 0.4896566694979797 -0.7012222951263888 0.4643311772739453 0.6764192786728188 -0.7115349394446727 -0.8757058119953168
0.3922783964114331 -1.450326954814696 0.8709276495728916 -1.7581088406640235 -0.0321621502366275 -0.4170288281141495 0.9816636461569526 -1.1969919172909391 -0.7012222951263888 -0.7192580981302291 0.6764192786728188 -0.7115349394446727 -0.8757058119953168
-0.0476599920873699 -1.450326954814696 -0.1835587422866632 -1.1972091750852851 -0.6911990680318032 -0.4170288281141495 -1.0262847209822683 0.3599144705142166 -0.7012222951263888 0.6464218350284338 0.6764192786728188 -0.7115349394446727 -0.8757058119953168
1.6021089647831417 -1.450326954814696 -2.2925315260057726 0.4854898216509311 -0.2066130990647622 -0.4170288281141495 -1.0262847209822683 0.0571826728854363 -0.7012222951263888 0.828512492782922 -0.9542343395562984 1.4112764821029693 -0.8757058119953168
2.481985741780748 0.6894996998299374 0.8709276495728916 -0.355859676717177 1.053310420249544 -0.4170288281141495 0.9816636461569526 0.532904069159234 1.4260812968300718 -0.8103034270074734 -0.9542343395562984 2.4726821928767904 -0.8757058119953168
1.4921243676584408 0.6894996998299374 -0.1835587422866632 -0.7484894426222941 0.5299575737651399 -0.4170288281141495 -1.0262847209822683 0.0571826728854363 -0.7012222951263888 -0.7192580981302291 -0.9542343395562984 0.3498707713291484 1.189277325460889
0.3922783964114331 0.6894996998299374 0.8709276495728916 -0.355859676717177 0.9757766652148174 -0.4170288281141495 0.9816636461569526 0.9221306661105232 -0.7012222951263888 -0.8103034270074734 -0.9542343395562984 1.4112764821029693 1.189277325460889
0.6122475906608347 0.6894996998299374 0.8709276495728916 -0.355859676717177 0.1616722373501888 -0.4170288281141495 0.9816636461569526 -0.375291323727107 1.4260812968300718 1.738965781555364 0.6764192786728188 0.3498707713291484 1.189277325460889
-0.3776137834614723 0.6894996998299374 0.8709276495728916 0.4854898216509311 0.9563932264561358 -0.4170288281141495 -1.0262847209822683 1.0086254654330318 1.4260812968300718 0.6464218350284338 -0.9542343395562984 -0.7115349394446727 1.189277325460889
0.0623246050373308 0.6894996998299374 0.8709276495728916 1.6072891528084083 0.7625588388693195 -0.4170288281141495 0.9816636461569526 -0.2023017250820897 1.4260812968300718 -0.0819407959895198 0.6764192786728188 0.3498707713291484 1.189277325460889
-0.2676291863367715 0.6894996998299374 -2.2925315260057726 1.1585694203454175 0.937009787697454 2.39791576165636 -1.0262847209822683 1.2248624637393035 -0.7012222951263888 0.2822405195194569 0.6764192786728188 -0.7115349394446727 1.189277325460889
0.6122475906608347 -1.450326954814696 -0.1835587422866632 -1.645928907548276 1.3246785628710869 -0.4170288281141495 -1.0262847209822683 0.4464092698367253 -0.7012222951263888 -0.8103034270074734 -0.9542343395562984 0.3498707713291484 -0.8757058119953168
0.3922783964114331 0.6894996998299374 -0.1835587422866632 -1.4776590078746543 -0.1872296603060806 -0.4170288281141495 0.9816636461569526 0.1869248718691993 1.4260812968300718 -0.2640314537440081 0.6764192786728188 -0.7115349394446727 1.189277325460889
1.0521859791596375 0.6894996998299374 -0.1835587422866632 -0.355859676717177 1.1502276140429522 -0.4170288281141495 -1.0262847209822683 -0.8077653203396504 1.4260812968300718 0.828512492782922 0.6764192786728188 -0.7115349394446727 1.189277325460889
-1.917398143207283 0.6894996998299374 -0.1835587422866632 -0.0754098439278076 0.0066047272807357 -0.4170288281141495 -1.0262847209822683 1.6140890606905924 -0.7012222951263888 2.3762830836960736 2.307072896901936 -0.7115349394446727 -0.8757058119953168
0.5022629935361339 0.6894996998299374 -2.2925315260057726 2.168188818387147 0.7431754001106379 -0.4170288281141495 0.9816636461569526 0.403161870175471 -0.7012222951263888 -0.628212769252985 0.6764192786728188 -0.7115349394446727 1.189277325460889
-0.3776137834614723 0.6894996998299374 -0.1835587422866632 -0.355859676717177 -0.0903124665126724 2.39791576165636 0.9816636461569526 0.7058936678042513 -0.7012222951263888 1.3747844660463873 0.6764192786728188 -0.7115349394446727 -0.8757058119953168
-1.2574905604590785 -1.450326954814696 -0.1835587422866632 -0.5241295763907986 -0.7105825067904847 -0.4170288281141495 -1.0262847209822683 0.662646268142997 -0.7012222951263888 -0.628212769252985 0.6764192786728188 -0.7115349394446727 -0.8757058119953168
0.3922783964114331 0.6894996998299374 0.8709276495728916 -0.1875897770435553 -0.6524321905144399 -0.4170288281141495 0.9816636461569526 -0.8077653203396504 1.4260812968300718 1.192693808291899 0.6764192786728188 2.4726821928767904 1.189277325460889
-2.797274920204889 0.6894996998299374 -1.238045134146218 -0.0754098439278076 -0.8850334556186195 -0.4170288281141495 0.9816636461569526 2.262800055609408 -0.7012222951263888 -0.8103034270074734 -0.9542343395562984 -0.7115349394446727 -0.8757058119953168
-1.47745975470848 -1.450326954814696 -1.238045134146218 -0.0754098439278076 -0.8850334556186195 -0.4170288281141495 0.9816636461569526 0.9653780657717774 -0.7012222951263888 0.4643311772739453 -0.9542343395562984 -0.7115349394446727 -0.8757058119953168
0.942201382034937 -1.450326954814696 -0.1835587422866632 0.2050399888615617 0.0453716047980989 -0.4170288281141495 0.9816636461569526 0.9653780657717774 -0.7012222951263888 -0.8103034270074734 -0.9542343395562984 -0.7115349394446727 -0.8757058119953168
-0.3776137834614723 0.6894996998299374 -0.1835587422866632 -2.094648640011267 -0.4392143641689419 -0.4170288281141495 -1.0262847209822683 0.1869248718691993 1.4260812968300718 -0.8103034270074734 -0.9542343395562984 0.3498707713291484 1.189277325460889
-0.0476599920873699 0.6894996998299374 -0.1835587422866632 -0.6363095095065463 0.1616722373501888 -0.4170288281141495 0.9816636461569526 -0.115806925759581 -0.7012222951263888 -0.4461221114984965 0.6764192786728188 -0.7115349394446727 1.189277325460889
-1.1475059633343776 0.6894996998299374 -1.238045134146218 -0.6363095095065463 -0.5748984354797133 -0.4170288281141495 -1.0262847209822683 0.8788832664492687 -0.7012222951263888 -0.8103034270074734 -0.9542343395562984 -0.7115349394446727 -0.8757058119953168
-0.0476599920873699 0.6894996998299374 0.8709276495728916 -1.1972091750852851 -0.2066130990647622 -0.4170288281141495 -1.0262847209822683 -1.0240023186459222 1.4260812968300718 1.738965781555364 0.6764192786728188 0.3498707713291484 1.189277325460889
1.1621705762843384 0.6894996998299374 0.8709276495728916 0.2050399888615617 0.0841384823154622 -0.4170288281141495 0.9816636461569526 -0.9807549189846676 -0.7012222951263888 1.738965781555364 0.6764192786728188 0.3498707713291484 1.189277325460889
0.2822937992867323 0.6894996998299374 -0.1835587422866632 1.0463894872296695 -1.5828372509311583 -0.4170288281141495 -1.0262847209822683 1.051872865094286 -0.7012222951263888 0.6464218350284338 -0.9542343395562984 -0.7115349394446727 -0.8757058119953168
0.942201382034937 0.6894996998299374 0.8709276495728916 -0.0754098439278076 1.5572798279752664 2.39791576165636 0.9816636461569526 -0.7645179206783961 1.4260812968300718 0.828512492782922 -0.9542343395562984 2.4726821928767904 1.189277325460889
-2.1373673374566846 -1.450326954814696 0.8709276495728916 0.3733098885351833 -1.2920856695509335 -0.4170288281141495 -1.0262847209822683 1.3978520623843207 -0.7012222951263888 0.4643311772739453 -0.9542343395562984 -0.7115349394446727 -0.8757058119953168
-1.47745975470848 0.6894996998299374 -1.238045134146218 0.2050399888615617 -0.9044168943773012 -0.4170288281141495 -1.0262847209822683 -0.7645179206783961 -0.7012222951263888 -0.8103034270074734 0.6764192786728188 -0.7115349394446727 0.6730315410968375
0.8322167849102362 -1.450326954814696 -0.1835587422866632 -0.0754098439278076 0.2585894311435969 -0.4170288281141495 -1.0262847209822683 -2.278176908822298 -0.7012222951263888 0.2822405195194569 0.6764192786728188 0.3498707713291484 1.189277325460889
-1.2574905604590785 -1.450326954814696 0.8709276495728916 0.0367700891879401 1.7704976543207644 2.39791576165636 0.9816636461569526 -0.5915283220333787 1.4260812968300718 -0.5371674403757407 0.6764192786728188 -0.7115349394446727 1.189277325460889
0.3922783964114331 -1.450326954814696 -2.2925315260057726 1.0463894872296695 0.6462582063172296 2.39791576165636 0.9816636461569526 0.532904069159234 -0.7012222951263888 -0.7192580981302291 -0.9542343395562984 -0.7115349394446727 -0.8757058119953168
-0.2676291863367715 0.6894996998299374 -2.2925315260057726 -0.7484894426222941 -1.233935353274889 -0.4170288281141495 0.9816636461569526 1.7438312596743557 -0.7012222951263888 -0.8103034270074734 0.6764192786728188 -0.7115349394446727 0.6730315410968375
0.7222321877855354 -1.450326954814696 0.8709276495728916 0.7659396544403004 1.1114607365255889 -0.4170288281141495 0.9816636461569526 -0.1590543254208353 1.4260812968300718 -0.7192580981302291 0.6764192786728188 -0.7115349394446727 1.189277325460889
-1.6974289489578815 0.6894996998299374 0.8709276495728916 -0.7484894426222941 -0.594281874238395 -0.4170288281141495 -1.0262847209822683 -0.4185387233883614 -0.7012222951263888 0.2822405195194569 0.6764192786728188 -0.7115349394446727 1.189277325460889
-1.037521366209677 0.6894996998299374 0.8709276495728916 -0.9167593422959156 0.200439114867552 -0.4170288281141495 0.9816636461569526 1.5275942613680835 -0.7012222951263888 -0.8103034270074734 -0.9542343395562984 -0.7115349394446727 -0.8757058119953168
-0.2676291863367715 0.6894996998299374 0.8709276495728916 -0.1875897770435553 0.1035219210741438 -0.4170288281141495 -1.0262847209822683 0.4896566694979797 1.4260812968300718 -0.8103034270074734 -0.9542343395562984 0.3498707713291484 1.189277325460889
0.8322167849102362 0.6894996998299374 -0.1835587422866632 -0.0754098439278076 -0.3616806091342153 -0.4170288281141495 -1.0262847209822683 -0.1590543254208353 -0.7012222951263888 0.828512492782922 0.6764192786728188 2.4726821928767904 1.189277325460889
0.8322167849102362 -1.450326954814696 0.8709276495728916 1.6072891528084083 -1.660371005965885 -0.4170288281141495 0.9816636461569526 -0.2023017250820897 -0.7012222951263888 4.834506963381667 2.307072896901936 2.4726821928767904 1.189277325460889
-0.1576445892120707 -1.450326954814696 0.8709276495728916 0.3733098885351833 -0.3035302928581704 -0.4170288281141495 0.9816636461569526 0.4464092698367253 -0.7012222951263888 -0.8103034270074734 -0.9542343395562984 -0.7115349394446727 -0.8757058119953168
-1.2574905604590785 0.6894996998299374 0.8709276495728916 -0.6363095095065463 -1.4083863021030236 -0.4170288281141495 0.9816636461569526 -1.283486716613448 1.4260812968300718 1.4658297949236316 0.6764192786728188 -0.7115349394446727 1.189277325460889
-0.8175521719602753 0.6894996998299374 -0.1835587422866632 0.3733098885351833 0.1422887985915071 -0.4170288281141495 0.9816636461569526 0.273419671191708 -0.7012222951263888 -0.8103034270074734 -0.9542343395562984 -0.7115349394446727 -0.8757058119953168
-0.2676291863367715 0.6894996998299374 -1.238045134146218 -0.6363095095065463 1.4603626341818583 -0.4170288281141495 -1.0262847209822683 0.9653780657717774 -0.7012222951263888 -0.628212769252985 -0.9542343395562984 -0.7115349394446727 -0.8757058119953168
1.4921243676584408 0.6894996998299374 -0.1835587422866632 2.729088483965886 0.4718072574890949 2.39791576165636 0.9816636461569526 0.0139352732241819 1.4260812968300718 0.6464218350284338 0.6764192786728188 -0.7115349394446727 1.189277325460889
-1.6974289489578815 0.6894996998299374 -0.1835587422866632 0.4854898216509311 1.3828288791471317 -0.4170288281141495 0.9816636461569526 1.3978520623843207 -0.7012222951263888 -0.8103034270074734 -0.9542343395562984 -0.7115349394446727 -0.8757058119953168
-0.1576445892120707 -1.450326954814696 0.8709276495728916 -0.0754098439278076 0.2779728699022786 -0.4170288281141495 0.9816636461569526 -0.2887965244045983 -0.7012222951263888 -0.4461221114984965 0.6764192786728188 -0.7115349394446727 -0.8757058119953168
0.8322167849102362 -1.450326954814696 0.8709276495728916 0.4854898216509311 0.3555066249370051 -0.4170288281141495 0.9816636461569526 0.4464092698367253 -0.7012222951263888 2.467328412573318 2.307072896901936 1.4112764821029693 -0.8757058119953168
-0.3776137834614723 -1.450326954814696 -0.1835587422866632 0.4854898216509311 1.1308441752842706 -0.4170288281141495 0.9816636461569526 -0.3320439240658527 -0.7012222951263888 0.5553765061511895 -0.9542343395562984 0.3498707713291484 -0.8757058119953168
0.6122475906608347 0.6894996998299374 0.8709276495728916 -0.0754098439278076 0.0647550435567806 -0.4170288281141495 -1.0262847209822683 -0.245549124743344 1.4260812968300718 0.4643311772739453 -0.9542343395562984 0.3498707713291484 1.189277325460889
1.1621705762843384 0.6894996998299374 0.8709276495728916 -1.1972091750852851 -0.0321621502366275 -0.4170288281141495 0.9816636461569526 0.3599144705142166 -0.7012222951263888 -0.2640314537440081 -0.9542343395562984 1.4112764821029693 0.6730315410968375
1.1621705762843384 -1.450326954814696 -0.1835587422866632 1.3268393200190391 0.3748900636956868 -0.4170288281141495 -1.0262847209822683 -0.0725595260983267 -0.7012222951263888 -0.0819407959895198 -0.9542343395562984 -0.7115349394446727 -0.8757058119953168
0.6122475906608347 0.6894996998299374 -0.1835587422866632 0.4854898216509311 -1.2533187920335709 -0.4170288281141495 0.9816636461569526 0.2301722715304536 -0.7012222951263888 -0.5371674403757407 0.6764192786728188 -0.7115349394446727 -0.8757058119953168
0.6122475906608347 0.6894996998299374 0.8709276495728916 0.7659396544403004 0.626874767558548 -0.4170288281141495 0.9816636461569526 -0.3320439240658527 1.4260812968300718 1.738965781555364 0.6764192786728188 1.4112764821029693 1.189277325460889
-0.0476599920873699 0.6894996998299374 0.8709276495728916 -0.6363095095065463 -1.1951684757575256 -0.4170288281141495 -1.0262847209822683 -1.5862185142422285 -0.7012222951263888 0.4643311772739453 0.6764192786728188 0.3498707713291484 1.189277325460889
-1.1475059633343776 0.6894996998299374 -1.238045134146218 -0.0754098439278076 -0.594281874238395 -0.4170288281141495 0.9816636461569526 1.6573364603518468 -0.7012222951263888 -0.8103034270074734 -0.9542343395562984 -0.7115349394446727 -0.8757058119953168
-1.1475059633343776 0.6894996998299374 0.8709276495728916 -1.085029241969537 0.7819422776280011 -0.4170288281141495 0.9816636461569526 0.143677472207945 -0.7012222951263888 -0.8103034270074734 -0.9542343395562984 0.3498707713291484 -0.8757058119953168
-0.3776137834614723 0.6894996998299374 -0.1835587422866632 -1.1972091750852851 -1.447153179620387 -0.4170288281141495 -1.0262847209822683 -1.1537445176296852 -0.7012222951263888 -0.2640314537440081 -0.9542343395562984 -0.7115349394446727 -0.8757058119953168
0.5022629935361339 0.6894996998299374 -0.1835587422866632 1.0463894872296695 -0.7299659455491664 2.39791576165636 -1.0262847209822683 0.3166670708529623 -0.7012222951263888 0.6464218350284338 -0.9542343395562984 -0.7115349394446727 -0.8757058119953168
1.822078159032543 -1.450326954814696 -1.238045134146218 1.6072891528084083 1.0145435427321807 -0.4170288281141495 -1.0262847209822683 0.532904069159234 -0.7012222951263888 -0.4461221114984965 -0.9542343395562984 1.4112764821029693 -0.8757058119953168
0.7222321877855354 0.6894996998299374 -0.1835587422866632 1.0463894872296695 -0.1290793440300357 2.39791576165636 -1.0262847209822683 -0.5482809223721244 1.4260812968300718 -0.7192580981302291 0.6764192786728188 -0.7115349394446727 -0.8757058119953168
0.0623246050373308 0.6894996998299374 0.8709276495728916 0.0367700891879401 2.003098919424944 -0.4170288281141495 -1.0262847209822683 -0.7645179206783961 1.4260812968300718 0.2822405195194569 0.6764192786728188 0.3498707713291484 1.189277325460889
1.0521859791596375 0.6894996998299374 -0.1835587422866632 0.4854898216509311 1.6541970217686748 -0.4170288281141495 -1.0262847209822683 0.3599144705142166 -0.7012222951263888 -0.8103034270074734 -0.9542343395562984 -0.7115349394446727 -0.8757058119953168
-1.2574905604590785 0.6894996998299374 0.8709276495728916 1.0463894872296695 -0.0515455889953091 -0.4170288281141495 -1.0262847209822683 0.9221306661105232 -0.7012222951263888 0.5553765061511895 -0.9542343395562984 -0.7115349394446727 -0.8757058119953168
0.3922783964114331 -1.450326954814696 -0.1835587422866632 -0.6363095095065463 1.751114215562083 -0.4170288281141495 -1.0262847209822683 0.9653780657717774 -0.7012222951263888 -0.8103034270074734 -0.9542343395562984 -0.7115349394446727 -0.8757058119953168
0.6122475906608347 0.6894996998299374 0.8709276495728916 -0.0754098439278076 -0.8462665781012563 -0.4170288281141495 0.9816636461569526 -0.7645179206783961 1.4260812968300718 1.3747844660463873 0.6764192786728188 1.4112764821029693 1.189277325460889
0.3922783964114331 0.6894996998299374 -1.238045134146218 -0.6363095095065463 0.6656416450759113 -0.4170288281141495 0.9816636461569526 0.4464092698367253 -0.7012222951263888 0.828512492782922 0.6764192786728188 -0.7115349394446727 -0.8757058119953168
-0.5975829777108738 0.6894996998299374 -1.238045134146218 -0.0754098439278076 0.3167397474196419 -0.4170288281141495 -1.0262847209822683 0.9221306661105232 -0.7012222951263888 -0.2640314537440081 -0.9542343395562984 -0.7115349394446727 -0.8757058119953168
-0.7075675748355745 0.6894996998299374 -1.238045134146218 -1.1972091750852851 -0.4004474866515786 -0.4170288281141495 -1.0262847209822683 0.79238846712676 -0.7012222951263888 -0.7192580981302291 2.307072896901936 -0.7115349394446727 1.189277325460889
-0.2676291863367715 0.6894996998299374 -0.1835587422866632 2.2803687515028948 -0.9819506494120276 2.39791576165636 -1.0262847209822683 0.532904069159234 -0.7012222951263888 -0.3550767826212523 -0.9542343395562984 -0.7115349394446727 1.189277325460889
-1.1475059633343776 0.6894996998299374 -1.238045134146218 -0.6363095095065463 0.2585894311435969 -0.4170288281141495 -1.0262847209822683 1.0086254654330318 -0.7012222951263888 -0.8103034270074734 -0.9542343395562984 -0.7115349394446727 1.189277325460889
0.1723092021620315 -1.450326954814696 -1.238045134146218 0.4854898216509311 0.8594760326627277 -0.4170288281141495 0.9816636461569526 0.143677472207945 -0.7012222951263888 0.3732858483967011 0.6764192786728188 -0.7115349394446727 -0.8757058119953168
0.2822937992867323 0.6894996998299374 0.8709276495728916 0.4854898216509311 -1.117634720722799 -0.4170288281141495 -1.0262847209822683 -0.0725595260983267 -0.7012222951263888 -0.4461221114984965 0.6764192786728188 -0.7115349394446727 0.6730315410968375
1.38213977053374 0.6894996998299374 0.8709276495728916 1.6072891528084083 0.7044085225932746 -0.4170288281141495 0.9816636461569526 -1.8024555125485 1.4260812968300718 0.5553765061511895 0.6764192786728188 2.4726821928767904 -0.8757058119953168
