500 7
-1.6277699581010672 0.8336157713463009 0.6019948672235402 -1.3994927229738658 1.2350111437766564 0.4716925773536854 0.7018100265975371
0.6143374222034331 0.8336157713463009 0.6019948672235402 -1.3994927229738658 -0.8097092929396622 0.4716925773536854 0.7018100265975371
0.6143374222034331 0.8336157713463009 0.6019948672235402 -1.3994927229738658 1.2350111437766564 0.4716925773536854 0.7018100265975371
0.6143374222034331 0.8336157713463009 0.6019948672235402 -1.3994927229738658 1.2350111437766564 0.4716925773536854 0.7018100265975371
-1.6277699581010672 -1.199593427059311 0.6019948672235402 -1.3994927229738658 -0.8097092929396622 0.4716925773536854 -1.42488702369803
-1.6277699581010672 -1.199593427059311 0.6019948672235402 -1.3994927229738658 -0.8097092929396622 0.4716925773536854 -1.42488702369803
-1.6277699581010672 -1.199593427059311 0.6019948672235402 -1.3994927229738658 -0.8097092929396622 0.4716925773536854 -1.42488702369803
-1.6277699581010672 0.8336157713463009 0.6019948672235402 -1.3994927229738658 -0.8097092929396622 0.4716925773536854 -1.42488702369803
-1.6277699581010672 -1.199593427059311 0.6019948672235402 -1.3994927229738658 1.2350111437766564 -2.120024880633596 0.7018100265975371
0.6143374222034331 -1.199593427059311 0.6019948672235402 0.7145446229081066 -0.8097092929396622 -2.120024880633596 -1.42488702369803
0.6143374222034331 -1.199593427059311 0.6019948672235402 0.7145446229081066 1.2350111437766564 -2.120024880633596 0.7018100265975371
0.6143374222034331 -1.199593427059311 0.6019948672235402 0.7145446229081066 1.2350111437766564 -2.120024880633596 0.7018100265975371
0.6143374222034331 0.8336157713463009 0.6019948672235402 0.7145446229081066 1.2350111437766564 0.4716925773536854 0.7018100265975371
-1.6277699581010672 -1.199593427059311 0.6019948672235402 0.7145446229081066 -0.8097092929396622 0.4716925773536854 0.7018100265975371
0.6143374222034331 -1.199593427059311 0.6019948672235402 0.7145446229081066 -0.8097092929396622 -2.120024880633596 0.7018100265975371
0.6143374222034331 -1.199593427059311 0.6019948672235402 0.7145446229081066 -0.8097092929396622 0.4716925773536854 0.7018100265975371
0.6143374222034331 -1.199593427059311 0.6019948672235402 0.7145446229081066 -0.8097092929396622 0.4716925773536854 0.7018100265975371
0.6143374222034331 -1.199593427059311 0.6019948672235402 0.7145446229081066 -0.8097092929396622 0.4716925773536854 0.7018100265975371
0.6143374222034331 0.8336157713463009 0.6019948672235402 0.7145446229081066 1.2350111437766564 0.4716925773536854 0.7018100265975371
-1.6277699581010672 0.8336157713463009 -1.6611437313611972 0.7145446229081066 -0.8097092929396622 0.4716925773536854 -1.42488702369803
-1.6277699581010672 0.8336157713463009 0.6019948672235402 0.7145446229081066 -0.8097092929396622 0.4716925773536854 -1.42488702369803
-1.6277699581010672 0.8336157713463009 0.6019948672235402 0.7145446229081066 -0.8097092929396622 0.4716925773536854 -1.42488702369803
-1.6277699581010672 0.8336157713463009 0.6019948672235402 0.7145446229081066 -0.8097092929396622 0.4716925773536854 -1.42488702369803
-1.6277699581010672 0.8336157713463009 0.6019948672235402 0.7145446229081066 -0.8097092929396622 0.4716925773536854 0.7018100265975371
-1.6277699581010672 -1.199593427059311 -1.6611437313611972 0.7145446229081066 -0.8097092929396622 0.4716925773536854 0.7018100265975371
0.6143374222034331 0.8336157713463009 -1.6611437313611972 0.7145446229081066 -0.8097092929396622 0.4716925773536854 -1.42488702369803
0.6143374222034331 0.8336157713463009 -1.6611437313611972 0.7145446229081066 -0.8097092929396622 0.4716925773536854 0.7018100265975371
0.6143374222034331 0.8336157713463009 -1.6611437313611972 0.7145446229081066 -0.8097092929396622 0.4716925773536854 0.7018100265975371
0.6143374222034331 0.8336157713463009 -1.6611437313611972 0.7145446229081066 -0.8097092929396622 0.4716925773536854 0.7018100265975371
-1.6277699581010672 0.8336157713463009 -1.6611437313611972 0.7145446229081066 1.2350111437766564 0.4716925773536854 0.7018100265975371
0.6143374222034331 0.8336157713463009 -1.6611437313611972 -1.3994927229738658 1.2350111437766564 0.4716925773536854 0.7018100265975371
0.6143374222034331 0.8336157713463009 -1.6611437313611972 0.7145446229081066 1.2350111437766564 0.4716925773536854 0.7018100265975371
0.6143374222034331 -1.199593427059311 -1.6611437313611972 -1.3994927229738658 -0.8097092929396622 -2.120024880633596 -1.42488702369803
0.6143374222034331 -1.199593427059311 0.6019948672235402 -1.3994927229738658 -0.8097092929396622 0.4716925773536854 -1.42488702369803
0.6143374222034331 -1.199593427059311 0.6019948672235402 -1.3994927229738658 -0.8097092929396622 0.4716925773536854 -1.42488702369803
0.6143374222034331 -1.199593427059311 0.6019948672235402 -1.3994927229738658 1.2350111437766564 0.4716925773536854 -1.42488702369803
0.6143374222034331 0.8336157713463009 0.6019948672235402 -1.3994927229738658 -0.8097092929396622 0.4716925773536854 -1.42488702369803
-1.6277699581010672 0.8336157713463009 0.6019948672235402 0.7145446229081066 1.2350111437766564 0.4716925773536854 0.7018100265975371
0.6143374222034331 0.8336157713463009 -1.6611437313611972 0.7145446229081066 1.2350111437766564 0.4716925773536854 -1.42488702369803
0.6143374222034331 0.8336157713463009 0.6019948672235402 0.7145446229081066 1.2350111437766564 -2.120024880633596 0.7018100265975371
0.6143374222034331 0.8336157713463009 0.6019948672235402 0.7145446229081066 1.2350111437766564 0.4716925773536854 0.7018100265975371
0.6143374222034331 0.8336157713463009 0.6019948672235402 0.7145446229081066 1.2350111437766564 0.4716925773536854 0.7018100265975371
0.6143374222034331 0.8336157713463009 -1.6611437313611972 0.7145446229081066 -0.8097092929396622 0.4716925773536854 0.7018100265975371
0.6143374222034331 0.8336157713463009 0.6019948672235402 0.7145446229081066 -0.8097092929396622 0.4716925773536854 0.7018100265975371
0.6143374222034331 0.8336157713463009 0.6019948672235402 0.7145446229081066 -0.8097092929396622 0.4716925773536854 0.7018100265975371
0.6143374222034331 0.8336157713463009 0.6019948672235402 -1.3994927229738658 1.2350111437766564 0.4716925773536854 0.7018100265975371
0.6143374222034331 0.8336157713463009 0.6019948672235402 -1.3994927229738658 1.2350111437766564 0.4716925773536854 0.7018100265975371
-1.6277699581010672 -1.199593427059311 0.6019948672235402 -1.3994927229738658 -0.8097092929396622 0.4716925773536854 -1.42488702369803
-1.6277699581010672 -1.199593427059311 0.6019948672235402 -1.3994927229738658 -0.8097092929396622 0.4716925773536854 -1.42488702369803
0.6143374222034331 -1.199593427059311 -1.6611437313611972 -1.3994927229738658 1.2350111437766564 -2.120024880633596 0.7018100265975371
0.6143374222034331 -1.199593427059311 0.6019948672235402 -1.3994927229738658 -0.8097092929396622 -2.120024880633596 0.7018100265975371
0.6143374222034331 -1.199593427059311 0.6019948672235402 0.7145446229081066 1.2350111437766564 -2.120024880633596 0.7018100265975371
0.6143374222034331 -1.199593427059311 0.6019948672235402 0.7145446229081066 1.2350111437766564 -2.120024880633596 0.7018100265975371
-1.6277699581010672 -1.199593427059311 0.6019948672235402 -1.3994927229738658 -0.8097092929396622 -2.120024880633596 -1.42488702369803
0.6143374222034331 -1.199593427059311 -1.6611437313611972 -1.3994927229738658 -0.8097092929396622 0.4716925773536854 0.7018100265975371
0.6143374222034331 -1.199593427059311 0.6019948672235402 0.7145446229081066 -0.8097092929396622 0.4716925773536854 0.7018100265975371
0.6143374222034331 -1.199593427059311 0.6019948672235402 0.7145446229081066 -0.8097092929396622 0.4716925773536854 0.7018100265975371
-1.6277699581010672 0.8336157713463009 -1.6611437313611972 0.7145446229081066 -0.8097092929396622 0.4716925773536854 0.7018100265975371
-1.6277699581010672 0.8336157713463009 0.6019948672235402 0.7145446229081066 -0.8097092929396622 0.4716925773536854 -1.42488702369803
-1.6277699581010672 0.8336157713463009 0.6019948672235402 0.7145446229081066 -0.8097092929396622 0.4716925773536854 -1.42488702369803
-1.6277699581010672 0.8336157713463009 0.6019948672235402 0.7145446229081066 1.2350111437766564 0.4716925773536854 -1.42488702369803
0.6143374222034331 -1.199593427059311 -1.6611437313611972 -1.3994927229738658 -0.8097092929396622 0.4716925773536854 0.7018100265975371
0.6143374222034331 0.8336157713463009 -1.6611437313611972 0.7145446229081066 -0.8097092929396622 -2.120024880633596 0.7018100265975371
0.6143374222034331 0.8336157713463009 -1.6611437313611972 0.7145446229081066 -0.8097092929396622 0.4716925773536854 0.7018100265975371
0.6143374222034331 0.8336157713463009 -1.6611437313611972 0.7145446229081066 1.2350111437766564 0.4716925773536854 -1.42488702369803
0.6143374222034331 -1.199593427059311 -1.6611437313611972 0.7145446229081066 1.2350111437766564 0.4716925773536854 0.7018100265975371
0.6143374222034331 0.8336157713463009 -1.6611437313611972 0.7145446229081066 -0.8097092929396622 0.4716925773536854 0.7018100265975371
0.6143374222034331 0.8336157713463009 -1.6611437313611972 0.7145446229081066 1.2350111437766564 0.4716925773536854 0.7018100265975371
0.6143374222034331 0.8336157713463009 -1.6611437313611972 0.7145446229081066 1.2350111437766564 0.4716925773536854 0.7018100265975371
0.6143374222034331 0.8336157713463009 0.6019948672235402 0.7145446229081066 1.2350111437766564 0.4716925773536854 0.7018100265975371
-1.6277699581010672 -1.199593427059311 0.6019948672235402 -1.3994927229738658 -0.8097092929396622 0.4716925773536854 -1.42488702369803
0.6143374222034331 -1.199593427059311 0.6019948672235402 -1.3994927229738658 -0.8097092929396622 0.4716925773536854 -1.42488702369803
0.6143374222034331 -1.199593427059311 0.6019948672235402 -1.3994927229738658 -0.8097092929396622 0.4716925773536854 -1.42488702369803
0.6143374222034331 -1.199593427059311 0.6019948672235402 -1.3994927229738658 -0.8097092929396622 0.4716925773536854 0.7018100265975371
0.6143374222034331 -1.199593427059311 0.6019948672235402 0.7145446229081066 -0.8097092929396622 0.4716925773536854 -1.42488702369803
-1.6277699581010672 0.8336157713463009 -1.6611437313611972 0.7145446229081066 1.2350111437766564 0.4716925773536854 0.7018100265975371
0.6143374222034331 -1.199593427059311 0.6019948672235402 0.7145446229081066 1.2350111437766564 0.4716925773536854 0.7018100265975371
0.6143374222034331 0.8336157713463009 0.6019948672235402 0.7145446229081066 1.2350111437766564 0.4716925773536854 -1.42488702369803
0.6143374222034331 0.8336157713463009 0.6019948672235402 0.7145446229081066 1.2350111437766564 0.4716925773536854 0.7018100265975371
0.6143374222034331 0.8336157713463009 0.6019948672235402 0.7145446229081066 1.2350111437766564 0.4716925773536854 0.7018100265975371
-1.6277699581010672 0.8336157713463009 0.6019948672235402 0.7145446229081066 1.2350111437766564 0.4716925773536854 0.7018100265975371
0.6143374222034331 0.8336157713463009 0.6019948672235402 0.7145446229081066 -0.8097092929396622 0.4716925773536854 0.7018100265975371
0.6143374222034331 0.8336157713463009 0.6019948672235402 0.7145446229081066 -0.8097092929396622 0.4716925773536854 0.7018100265975371
0.6143374222034331 0.8336157713463009 0.6019948672235402 -1.3994927229738658 1.2350111437766564 0.4716925773536854 0.7018100265975371
0.6143374222034331 0.8336157713463009 0.6019948672235402 -1.3994927229738658 1.2350111437766564 0.4716925773536854 0.7018100265975371
0.6143374222034331 0.8336157713463009 0.6019948672235402 0.7145446229081066 1.2350111437766564 0.4716925773536854 0.7018100265975371
-1.6277699581010672 -1.199593427059311 0.6019948672235402 -1.3994927229738658 -0.8097092929396622 -2.120024880633596 -1.42488702369803
-1.6277699581010672 -1.199593427059311 0.6019948672235402 -1.3994927229738658 -0.8097092929396622 0.4716925773536854 -1.42488702369803
-1.6277699581010672 -1.199593427059311 0.6019948672235402 -1.3994927229738658 -0.8097092929396622 0.4716925773536854 -1.42488702369803
0.6143374222034331 -1.199593427059311 0.6019948672235402 0.7145446229081066 1.2350111437766564 -2.120024880633596 -1.42488702369803
-1.6277699581010672 -1.199593427059311 -1.6611437313611972 0.7145446229081066 1.2350111437766564 -2.120024880633596 0.7018100265975371
0.6143374222034331 -1.199593427059311 0.6019948672235402 0.7145446229081066 -0.8097092929396622 -2.120024880633596 0.7018100265975371
0.6143374222034331 -1.199593427059311 0.6019948672235402 0.7145446229081066 1.2350111437766564 -2.120024880633596 0.7018100265975371
0.6143374222034331 -1.199593427059311 0.6019948672235402 0.7145446229081066 1.2350111437766564 -2.120024880633596 0.7018100265975371
0.6143374222034331 -1.199593427059311 0.6019948672235402 0.7145446229081066 1.2350111437766564 0.4716925773536854 0.7018100265975371
-1.6277699581010672 -1.199593427059311 0.6019948672235402 0.7145446229081066 -0.8097092929396622 0.4716925773536854 0.7018100265975371
0.6143374222034331 -1.199593427059311 0.6019948672235402 0.7145446229081066 -0.8097092929396622 0.4716925773536854 0.7018100265975371
0.6143374222034331 -1.199593427059311 0.6019948672235402 0.7145446229081066 -0.8097092929396622 0.4716925773536854 0.7018100265975371
0.6143374222034331 -1.199593427059311 0.6019948672235402 0.7145446229081066 -0.8097092929396622 0.4716925773536854 0.7018100265975371
-1.6277699581010672 -1.199593427059311 0.6019948672235402 0.7145446229081066 -0.8097092929396622 0.4716925773536854 -1.42488702369803
-1.6277699581010672 0.8336157713463009 -1.6611437313611972 0.7145446229081066 -0.8097092929396622 0.4716925773536854 -1.42488702369803
-1.6277699581010672 0.8336157713463009 0.6019948672235402 0.7145446229081066 -0.8097092929396622 0.4716925773536854 -1.42488702369803
-1.6277699581010672 0.8336157713463009 0.6019948672235402 0.7145446229081066 -0.8097092929396622 0.4716925773536854 -1.42488702369803
-1.6277699581010672 0.8336157713463009 0.6019948672235402 0.7145446229081066 -0.8097092929396622 0.4716925773536854 -1.42488702369803
0.6143374222034331 -1.199593427059311 -1.6611437313611972 0.7145446229081066 -0.8097092929396622 -2.120024880633596 0.7018100265975371
0.6143374222034331 0.8336157713463009 -1.6611437313611972 0.7145446229081066 -0.8097092929396622 -2.120024880633596 0.7018100265975371
0.6143374222034331 0.8336157713463009 -1.6611437313611972 0.7145446229081066 -0.8097092929396622 0.4716925773536854 0.7018100265975371
0.6143374222034331 0.8336157713463009 -1.6611437313611972 0.7145446229081066 -0.8097092929396622 0.4716925773536854 0.7018100265975371
0.6143374222034331 0.8336157713463009 -1.6611437313611972 -1.3994927229738658 1.2350111437766564 0.4716925773536854 0.7018100265975371
0.6143374222034331 0.8336157713463009 -1.6611437313611972 0.7145446229081066 1.2350111437766564 0.4716925773536854 0.7018100265975371
0.6143374222034331 0.8336157713463009 -1.6611437313611972 0.7145446229081066 1.2350111437766564 0.4716925773536854 0.7018100265975371
0.6143374222034331 0.8336157713463009 -1.6611437313611972 0.7145446229081066 1.2350111437766564 0.4716925773536854 0.7018100265975371
-1.6277699581010672 -1.199593427059311 0.6019948672235402 -1.3994927229738658 -0.8097092929396622 0.4716925773536854 -1.42488702369803
0.6143374222034331 -1.199593427059311 0.6019948672235402 -1.3994927229738658 -0.8097092929396622 -2.120024880633596 -1.42488702369803
0.6143374222034331 -1.199593427059311 0.6019948672235402 -1.3994927229738658 -0.8097092929396622 0.4716925773536854 -1.42488702369803
0.6143374222034331 -1.199593427059311 0.6019948672235402 -1.3994927229738658 -0.8097092929396622 0.4716925773536854 -1.42488702369803
0.6143374222034331 -1.199593427059311 0.6019948672235402 -1.3994927229738658 -0.8097092929396622 0.4716925773536854 0.7018100265975371
0.6143374222034331 -1.199593427059311 0.6019948672235402 0.7145446229081066 -0.8097092929396622 0.4716925773536854 -1.42488702369803
-1.6277699581010672 0.8336157713463009 0.6019948672235402 0.7145446229081066 1.2350111437766564 -2.120024880633596 0.7018100265975371
0.6143374222034331 0.8336157713463009 -1.6611437313611972 0.7145446229081066 1.2350111437766564 0.4716925773536854 0.7018100265975371
0.6143374222034331 0.8336157713463009 0.6019948672235402 0.7145446229081066 1.2350111437766564 -2.120024880633596 0.7018100265975371
0.6143374222034331 0.8336157713463009 0.6019948672235402 0.7145446229081066 1.2350111437766564 0.4716925773536854 0.7018100265975371
0.6143374222034331 0.8336157713463009 0.6019948672235402 0.7145446229081066 1.2350111437766564 0.4716925773536854 0.7018100265975371
0.6143374222034331 0.8336157713463009 0.6019948672235402 0.7145446229081066 1.2350111437766564 0.4716925773536854 0.7018100265975371
0.6143374222034331 0.8336157713463009 -1.6611437313611972 -1.3994927229738658 -0.8097092929396622 0.4716925773536854 0.7018100265975371
0.6143374222034331 0.8336157713463009 0.6019948672235402 -1.3994927229738658 1.2350111437766564 0.4716925773536854 0.7018100265975371
0.6143374222034331 0.8336157713463009 0.6019948672235402 0.7145446229081066 -0.8097092929396622 0.4716925773536854 -1.42488702369803
0.6143374222034331 0.8336157713463009 0.6019948672235402 0.7145446229081066 -0.8097092929396622 0.4716925773536854 0.7018100265975371
0.6143374222034331 0.8336157713463009 0.6019948672235402 0.7145446229081066 1.2350111437766564 0.4716925773536854 0.7018100265975371
0.6143374222034331 0.8336157713463009 0.6019948672235402 -1.3994927229738658 -0.8097092929396622 0.4716925773536854 0.7018100265975371
0.6143374222034331 0.8336157713463009 0.6019948672235402 -1.3994927229738658 1.2350111437766564 0.4716925773536854 0.7018100265975371
0.6143374222034331 0.8336157713463009 0.6019948672235402 -1.3994927229738658 1.2350111437766564 0.4716925773536854 0.7018100265975371
0.6143374222034331 0.8336157713463009 0.6019948672235402 -1.3994927229738658 1.2350111437766564 0.4716925773536854 0.7018100265975371
-1.6277699581010672 -1.199593427059311 -1.6611437313611972 -1.3994927229738658 -0.8097092929396622 0.4716925773536854 -1.42488702369803
-1.6277699581010672 -1.199593427059311 0.6019948672235402 -1.3994927229738658 -0.8097092929396622 0.4716925773536854 -1.42488702369803
-1.6277699581010672 -1.199593427059311 0.6019948672235402 -1.3994927229738658 -0.8097092929396622 0.4716925773536854 -1.42488702369803
0.6143374222034331 -1.199593427059311 -1.6611437313611972 -1.3994927229738658 -0.8097092929396622 0.4716925773536854 -1.42488702369803
-1.6277699581010672 -1.199593427059311 0.6019948672235402 -1.3994927229738658 1.2350111437766564 -2.120024880633596 0.7018100265975371
0.6143374222034331 -1.199593427059311 0.6019948672235402 -1.3994927229738658 1.2350111437766564 -2.120024880633596 -1.42488702369803
0.6143374222034331 -1.199593427059311 0.6019948672235402 0.7145446229081066 1.2350111437766564 -2.120024880633596 0.7018100265975371
0.6143374222034331 0.8336157713463009 0.6019948672235402 0.7145446229081066 1.2350111437766564 -2.120024880633596 0.7018100265975371
-1.6277699581010672 -1.199593427059311 0.6019948672235402 0.7145446229081066 -0.8097092929396622 0.4716925773536854 0.7018100265975371
0.6143374222034331 -1.199593427059311 0.6019948672235402 0.7145446229081066 -0.8097092929396622 0.4716925773536854 -1.42488702369803
0.6143374222034331 -1.199593427059311 0.6019948672235402 0.7145446229081066 -0.8097092929396622 0.4716925773536854 0.7018100265975371
0.6143374222034331 -1.199593427059311 0.6019948672235402 0.7145446229081066 -0.8097092929396622 0.4716925773536854 0.7018100265975371
0.6143374222034331 -1.199593427059311 0.6019948672235402 0.7145446229081066 1.2350111437766564 0.4716925773536854 0.7018100265975371
-1.6277699581010672 0.8336157713463009 0.6019948672235402 -1.3994927229738658 -0.8097092929396622 0.4716925773536854 -1.42488702369803
-1.6277699581010672 0.8336157713463009 0.6019948672235402 0.7145446229081066 -0.8097092929396622 0.4716925773536854 -1.42488702369803
-1.6277699581010672 0.8336157713463009 0.6019948672235402 0.7145446229081066 -0.8097092929396622 0.4716925773536854 -1.42488702369803
-1.6277699581010672 0.8336157713463009 0.6019948672235402 0.7145446229081066 -0.8097092929396622 0.4716925773536854 0.7018100265975371
0.6143374222034331 0.8336157713463009 -1.6611437313611972 -1.3994927229738658 -0.8097092929396622 0.4716925773536854 -1.42488702369803
0.6143374222034331 0.8336157713463009 -1.6611437313611972 0.7145446229081066 -0.8097092929396622 0.4716925773536854 -1.42488702369803
0.6143374222034331 0.8336157713463009 -1.6611437313611972 0.7145446229081066 -0.8097092929396622 0.4716925773536854 0.7018100265975371
0.6143374222034331 0.8336157713463009 -1.6611437313611972 0.7145446229081066 -0.8097092929396622 0.4716925773536854 0.7018100265975371
0.6143374222034331 0.8336157713463009 -1.6611437313611972 0.7145446229081066 -0.8097092929396622 0.4716925773536854 0.7018100265975371
-1.6277699581010672 0.8336157713463009 -1.6611437313611972 0.7145446229081066 1.2350111437766564 0.4716925773536854 0.7018100265975371
0.6143374222034331 0.8336157713463009 -1.6611437313611972 -1.3994927229738658 1.2350111437766564 0.4716925773536854 -1.42488702369803
0.6143374222034331 0.8336157713463009 -1.6611437313611972 0.7145446229081066 1.2350111437766564 0.4716925773536854 0.7018100265975371
0.6143374222034331 0.8336157713463009 -1.6611437313611972 0.7145446229081066 1.2350111437766564 0.4716925773536854 0.7018100265975371
-1.6277699581010672 -1.199593427059311 0.6019948672235402 -1.3994927229738658 -0.8097092929396622 0.4716925773536854 -1.42488702369803
0.6143374222034331 -1.199593427059311 -1.6611437313611972 -1.3994927229738658 -0.8097092929396622 0.4716925773536854 -1.42488702369803
0.6143374222034331 -1.199593427059311 0.6019948672235402 -1.3994927229738658 -0.8097092929396622 0.4716925773536854 -1.42488702369803
0.6143374222034331 -1.199593427059311 0.6019948672235402 -1.3994927229738658 -0.8097092929396622 0.4716925773536854 -1.42488702369803
0.6143374222034331 -1.199593427059311 0.6019948672235402 -1.3994927229738658 -0.8097092929396622 0.4716925773536854 -1.42488702369803
0.6143374222034331 -1.199593427059311 0.6019948672235402 -1.3994927229738658 1.2350111437766564 0.4716925773536854 0.7018100265975371
0.6143374222034331 -1.199593427059311 0.6019948672235402 0.7145446229081066 1.2350111437766564 0.4716925773536854 0.7018100265975371
0.6143374222034331 0.8336157713463009 -1.6611437313611972 0.7145446229081066 -0.8097092929396622 0.4716925773536854 0.7018100265975371
0.6143374222034331 0.8336157713463009 0.6019948672235402 0.7145446229081066 1.2350111437766564 0.4716925773536854 0.7018100265975371
0.6143374222034331 0.8336157713463009 0.6019948672235402 0.7145446229081066 1.2350111437766564 0.4716925773536854 0.7018100265975371
0.6143374222034331 0.8336157713463009 0.6019948672235402 0.7145446229081066 1.2350111437766564 0.4716925773536854 0.7018100265975371
0.6143374222034331 -1.199593427059311 0.6019948672235402 0.7145446229081066 -0.8097092929396622 0.4716925773536854 0.7018100265975371
0.6143374222034331 0.8336157713463009 0.6019948672235402 -1.3994927229738658 -0.8097092929396622 0.4716925773536854 0.7018100265975371
0.6143374222034331 0.8336157713463009 0.6019948672235402 0.7145446229081066 -0.8097092929396622 0.4716925773536854 0.7018100265975371
0.6143374222034331 0.8336157713463009 0.6019948672235402 0.7145446229081066 -0.8097092929396622 0.4716925773536854 0.7018100265975371
0.6143374222034331 0.8336157713463009 0.6019948672235402 0.7145446229081066 1.2350111437766564 0.4716925773536854 0.7018100265975371
0.6143374222034331 -1.199593427059311 -1.6611437313611972 -1.3994927229738658 1.2350111437766564 0.4716925773536854 0.7018100265975371
0.6143374222034331 0.8336157713463009 0.6019948672235402 -1.3994927229738658 1.2350111437766564 0.4716925773536854 0.7018100265975371
0.6143374222034331 0.8336157713463009 0.6019948672235402 -1.3994927229738658 1.2350111437766564 0.4716925773536854 0.7018100265975371
0.6143374222034331 0.8336157713463009 0.6019948672235402 -1.3994927229738658 1.2350111437766564 0.4716925773536854 0.7018100265975371
0.6143374222034331 0.8336157713463009 0.6019948672235402 0.7145446229081066 1.2350111437766564 0.4716925773536854 0.7018100265975371
-1.6277699581010672 -1.199593427059311 0.6019948672235402 -1.3994927229738658 -0.8097092929396622 0.4716925773536854 -1.42488702369803
-1.6277699581010672 -1.199593427059311 0.6019948672235402 -1.3994927229738658 -0.8097092929396622 0.4716925773536854 -1.42488702369803
-1.6277699581010672 -1.199593427059311 -1.6611437313611972 0.7145446229081066 1.2350111437766564 -2.120024880633596 -1.42488702369803
0.6143374222034331 -1.199593427059311 0.6019948672235402 0.7145446229081066 -0.8097092929396622 -2.120024880633596 0.7018100265975371
0.6143374222034331 -1.199593427059311 0.6019948672235402 0.7145446229081066 1.2350111437766564 -2.120024880633596 0.7018100265975371
0.6143374222034331 -1.199593427059311 0.6019948672235402 0.7145446229081066 1.2350111437766564 -2.120024880633596 0.7018100265975371
0.6143374222034331 -1.199593427059311 0.6019948672235402 0.7145446229081066 1.2350111437766564 -2.120024880633596 0.7018100265975371
-1.6277699581010672 -1.199593427059311 0.6019948672235402 0.7145446229081066 -0.8097092929396622 0.4716925773536854 0.7018100265975371
0.6143374222034331 -1.199593427059311 0.6019948672235402 0.7145446229081066 -0.8097092929396622 -2.120024880633596 0.7018100265975371
0.6143374222034331 -1.199593427059311 0.6019948672235402 0.7145446229081066 -0.8097092929396622 0.4716925773536854 0.7018100265975371
0.6143374222034331 -1.199593427059311 0.6019948672235402 0.7145446229081066 -0.8097092929396622 0.4716925773536854 0.7018100265975371
0.6143374222034331 -1.199593427059311 0.6019948672235402 0.7145446229081066 -0.8097092929396622 0.4716925773536854 0.7018100265975371
0.6143374222034331 0.8336157713463009 0.6019948672235402 0.7145446229081066 -0.8097092929396622 0.4716925773536854 0.7018100265975371
-1.6277699581010672 0.8336157713463009 -1.6611437313611972 0.7145446229081066 -0.8097092929396622 0.4716925773536854 -1.42488702369803
-1.6277699581010672 0.8336157713463009 0.6019948672235402 0.7145446229081066 -0.8097092929396622 0.4716925773536854 -1.42488702369803
-1.6277699581010672 0.8336157713463009 0.6019948672235402 0.7145446229081066 -0.8097092929396622 0.4716925773536854 -1.42488702369803
-1.6277699581010672 0.8336157713463009 0.6019948672235402 0.7145446229081066 -0.8097092929396622 0.4716925773536854 -1.42488702369803
-1.6277699581010672 0.8336157713463009 0.6019948672235402 0.7145446229081066 -0.8097092929396622 0.4716925773536854 0.7018100265975371
-1.6277699581010672 0.8336157713463009 -1.6611437313611972 0.7145446229081066 -0.8097092929396622 0.4716925773536854 0.7018100265975371
0.6143374222034331 0.8336157713463009 -1.6611437313611972 0.7145446229081066 -0.8097092929396622 0.4716925773536854 0.7018100265975371
0.6143374222034331 0.8336157713463009 0.6019948672235402 0.7145446229081066 -0.8097092929396622 0.4716925773536854 0.7018100265975371
0.6143374222034331 -1.199593427059311 -1.6611437313611972 -1.3994927229738658 1.2350111437766564 0.4716925773536854 0.7018100265975371
0.6143374222034331 0.8336157713463009 -1.6611437313611972 0.7145446229081066 1.2350111437766564 -2.120024880633596 0.7018100265975371
0.6143374222034331 0.8336157713463009 -1.6611437313611972 0.7145446229081066 1.2350111437766564 0.4716925773536854 0.7018100265975371
-1.6277699581010672 -1.199593427059311 0.6019948672235402 0.7145446229081066 -0.8097092929396622 -2.120024880633596 0.7018100265975371
0.6143374222034331 -1.199593427059311 0.6019948672235402 -1.3994927229738658 -0.8097092929396622 0.4716925773536854 -1.42488702369803
0.6143374222034331 -1.199593427059311 0.6019948672235402 -1.3994927229738658 -0.8097092929396622 0.4716925773536854 -1.42488702369803
0.6143374222034331 -1.199593427059311 0.6019948672235402 -1.3994927229738658 -0.8097092929396622 0.4716925773536854 -1.42488702369803
0.6143374222034331 -1.199593427059311 0.6019948672235402 0.7145446229081066 -0.8097092929396622 0.4716925773536854 -1.42488702369803
0.6143374222034331 -1.199593427059311 0.6019948672235402 0.7145446229081066 -0.8097092929396622 0.4716925773536854 0.7018100265975371
0.6143374222034331 0.8336157713463009 0.6019948672235402 0.7145446229081066 -0.8097092929396622 0.4716925773536854 0.7018100265975371
0.6143374222034331 0.8336157713463009 0.6019948672235402 0.7145446229081066 1.2350111437766564 -2.120024880633596 0.7018100265975371
0.6143374222034331 0.8336157713463009 0.6019948672235402 0.7145446229081066 1.2350111437766564 0.4716925773536854 0.7018100265975371
0.6143374222034331 0.8336157713463009 0.6019948672235402 0.7145446229081066 1.2350111437766564 0.4716925773536854 0.7018100265975371
-1.6277699581010672 0.8336157713463009 0.6019948672235402 0.7145446229081066 -0.8097092929396622 0.4716925773536854 0.7018100265975371
0.6143374222034331 0.8336157713463009 0.6019948672235402 -1.3994927229738658 1.2350111437766564 0.4716925773536854 0.7018100265975371
0.6143374222034331 0.8336157713463009 0.6019948672235402 0.7145446229081066 -0.8097092929396622 0.4716925773536854 0.7018100265975371
0.6143374222034331 0.8336157713463009 0.6019948672235402 0.7145446229081066 -0.8097092929396622 0.4716925773536854 0.7018100265975371
0.6143374222034331 -1.199593427059311 0.6019948672235402 -1.3994927229738658 -0.8097092929396622 0.4716925773536854 0.7018100265975371
0.6143374222034331 0.8336157713463009 -1.6611437313611972 -1.3994927229738658 1.2350111437766564 0.4716925773536854 0.7018100265975371
0.6143374222034331 0.8336157713463009 0.6019948672235402 -1.3994927229738658 1.2350111437766564 0.4716925773536854 0.7018100265975371
0.6143374222034331 0.8336157713463009 0.6019948672235402 -1.3994927229738658 1.2350111437766564 0.4716925773536854 0.7018100265975371
-1.6277699581010672 -1.199593427059311 -1.6611437313611972 -1.3994927229738658 -0.8097092929396622 0.4716925773536854 -1.42488702369803
-1.6277699581010672 -1.199593427059311 0.6019948672235402 -1.3994927229738658 -0.8097092929396622 0.4716925773536854 -1.42488702369803
-1.6277699581010672 -1.199593427059311 0.6019948672235402 0.7145446229081066 1.2350111437766564 -2.120024880633596 0.7018100265975371
0.6143374222034331 -1.199593427059311 0.6019948672235402 0.7145446229081066 -0.8097092929396622 -2.120024880633596 0.7018100265975371
0.6143374222034331 -1.199593427059311 0.6019948672235402 0.7145446229081066 1.2350111437766564 -2.120024880633596 0.7018100265975371
0.6143374222034331 -1.199593427059311 0.6019948672235402 0.7145446229081066 1.2350111437766564 -2.120024880633596 0.7018100265975371
0.6143374222034331 0.8336157713463009 -1.6611437313611972 -1.3994927229738658 1.2350111437766564 -2.120024880633596 0.7018100265975371
-1.6277699581010672 -1.199593427059311 0.6019948672235402 0.7145446229081066 -0.8097092929396622 -2.120024880633596 -1.42488702369803
0.6143374222034331 -1.199593427059311 0.6019948672235402 0.7145446229081066 -0.8097092929396622 -2.120024880633596 0.7018100265975371
0.6143374222034331 -1.199593427059311 0.6019948672235402 0.7145446229081066 -0.8097092929396622 0.4716925773536854 0.7018100265975371
0.6143374222034331 -1.199593427059311 0.6019948672235402 0.7145446229081066 -0.8097092929396622 0.4716925773536854 0.7018100265975371
0.6143374222034331 0.8336157713463009 0.6019948672235402 0.7145446229081066 -0.8097092929396622 0.4716925773536854 0.7018100265975371
-1.6277699581010672 0.8336157713463009 -1.6611437313611972 0.7145446229081066 -0.8097092929396622 -2.120024880633596 -1.42488702369803
-1.6277699581010672 0.8336157713463009 0.6019948672235402 0.7145446229081066 -0.8097092929396622 0.4716925773536854 -1.42488702369803
-1.6277699581010672 0.8336157713463009 0.6019948672235402 0.7145446229081066 -0.8097092929396622 0.4716925773536854 -1.42488702369803
-1.6277699581010672 0.8336157713463009 0.6019948672235402 0.7145446229081066 -0.8097092929396622 0.4716925773536854 -1.42488702369803
0.6143374222034331 0.8336157713463009 -1.6611437313611972 -1.3994927229738658 -0.8097092929396622 0.4716925773536854 0.7018100265975371
0.6143374222034331 0.8336157713463009 -1.6611437313611972 -1.3994927229738658 -0.8097092929396622 0.4716925773536854 0.7018100265975371
0.6143374222034331 0.8336157713463009 -1.6611437313611972 0.7145446229081066 -0.8097092929396622 0.4716925773536854 0.7018100265975371
0.6143374222034331 0.8336157713463009 -1.6611437313611972 0.7145446229081066 -0.8097092929396622 0.4716925773536854 0.7018100265975371
0.6143374222034331 0.8336157713463009 -1.6611437313611972 0.7145446229081066 -0.8097092929396622 0.4716925773536854 0.7018100265975371
0.6143374222034331 0.8336157713463009 0.6019948672235402 0.7145446229081066 -0.8097092929396622 0.4716925773536854 0.7018100265975371
0.6143374222034331 -1.199593427059311 -1.6611437313611972 0.7145446229081066 -0.8097092929396622 0.4716925773536854 0.7018100265975371
0.6143374222034331 0.8336157713463009 -1.6611437313611972 0.7145446229081066 1.2350111437766564 0.4716925773536854 0.7018100265975371
0.6143374222034331 0.8336157713463009 -1.6611437313611972 0.7145446229081066 1.2350111437766564 0.4716925773536854 0.7018100265975371
-1.6277699581010672 -1.199593427059311 0.6019948672235402 -1.3994927229738658 -0.8097092929396622 0.4716925773536854 -1.42488702369803
0.6143374222034331 -1.199593427059311 0.6019948672235402 -1.3994927229738658 -0.8097092929396622 -2.120024880633596 -1.42488702369803
0.6143374222034331 -1.199593427059311 0.6019948672235402 -1.3994927229738658 -0.8097092929396622 0.4716925773536854 -1.42488702369803
0.6143374222034331 -1.199593427059311 0.6019948672235402 -1.3994927229738658 1.2350111437766564 0.4716925773536854 -1.42488702369803
-1.6277699581010672 0.8336157713463009 0.6019948672235402 0.7145446229081066 1.2350111437766564 0.4716925773536854 0.7018100265975371
0.6143374222034331 0.8336157713463009 0.6019948672235402 0.7145446229081066 -0.8097092929396622 0.4716925773536854 0.7018100265975371
0.6143374222034331 0.8336157713463009 0.6019948672235402 0.7145446229081066 1.2350111437766564 0.4716925773536854 -1.42488702369803
0.6143374222034331 0.8336157713463009 0.6019948672235402 0.7145446229081066 1.2350111437766564 0.4716925773536854 0.7018100265975371
0.6143374222034331 0.8336157713463009 0.6019948672235402 0.7145446229081066 1.2350111437766564 0.4716925773536854 0.7018100265975371
0.6143374222034331 0.8336157713463009 0.6019948672235402 0.7145446229081066 1.2350111437766564 0.4716925773536854 0.7018100265975371
-1.6277699581010672 0.8336157713463009 0.6019948672235402 0.7145446229081066 -0.8097092929396622 0.4716925773536854 0.7018100265975371
0.6143374222034331 0.8336157713463009 0.6019948672235402 -1.3994927229738658 -0.8097092929396622 0.4716925773536854 0.7018100265975371
0.6143374222034331 0.8336157713463009 0.6019948672235402 0.7145446229081066 -0.8097092929396622 0.4716925773536854 0.7018100265975371
0.6143374222034331 0.8336157713463009 0.6019948672235402 0.7145446229081066 -0.8097092929396622 0.4716925773536854 0.7018100265975371
0.6143374222034331 0.8336157713463009 0.6019948672235402 0.7145446229081066 -0.8097092929396622 0.4716925773536854 0.7018100265975371
0.6143374222034331 -1.199593427059311 0.6019948672235402 0.7145446229081066 1.2350111437766564 0.4716925773536854 -1.42488702369803
0.6143374222034331 0.8336157713463009 0.6019948672235402 -1.3994927229738658 1.2350111437766564 -2.120024880633596 0.7018100265975371
0.6143374222034331 0.8336157713463009 0.6019948672235402 -1.3994927229738658 1.2350111437766564 0.4716925773536854 0.7018100265975371
0.6143374222034331 0.8336157713463009 0.6019948672235402 -1.3994927229738658 1.2350111437766564 0.4716925773536854 0.7018100265975371
0.6143374222034331 0.8336157713463009 0.6019948672235402 0.7145446229081066 1.2350111437766564 0.4716925773536854 0.7018100265975371
-1.6277699581010672 -1.199593427059311 -1.6611437313611972 -1.3994927229738658 -0.8097092929396622 -2.120024880633596 -1.42488702369803
-1.6277699581010672 -1.199593427059311 0.6019948672235402 -1.3994927229738658 -0.8097092929396622 0.4716925773536854 -1.42488702369803
-1.6277699581010672 -1.199593427059311 0.6019948672235402 -1.3994927229738658 1.2350111437766564 0.4716925773536854 -1.42488702369803
-1.6277699581010672 -1.199593427059311 0.6019948672235402 -1.3994927229738658 1.2350111437766564 0.4716925773536854 -1.42488702369803
0.6143374222034331 -1.199593427059311 0.6019948672235402 0.7145446229081066 -0.8097092929396622 -2.120024880633596 0.7018100265975371
0.6143374222034331 -1.199593427059311 0.6019948672235402 0.7145446229081066 1.2350111437766564 -2.120024880633596 -1.42488702369803
0.6143374222034331 -1.199593427059311 0.6019948672235402 0.7145446229081066 1.2350111437766564 -2.120024880633596 0.7018100265975371
0.6143374222034331 0.8336157713463009 -1.6611437313611972 0.7145446229081066 1.2350111437766564 -2.120024880633596 0.7018100265975371
-1.6277699581010672 -1.199593427059311 0.6019948672235402 0.7145446229081066 -0.8097092929396622 0.4716925773536854 0.7018100265975371
0.6143374222034331 -1.199593427059311 0.6019948672235402 -1.3994927229738658 -0.8097092929396622 0.4716925773536854 0.7018100265975371
0.6143374222034331 -1.199593427059311 0.6019948672235402 0.7145446229081066 -0.8097092929396622 0.4716925773536854 0.7018100265975371
0.6143374222034331 -1.199593427059311 0.6019948672235402 0.7145446229081066 -0.8097092929396622 0.4716925773536854 0.7018100265975371
0.6143374222034331 -1.199593427059311 0.6019948672235402 0.7145446229081066 -0.8097092929396622 0.4716925773536854 0.7018100265975371
0.6143374222034331 0.8336157713463009 0.6019948672235402 0.7145446229081066 -0.8097092929396622 0.4716925773536854 0.7018100265975371
-1.6277699581010672 0.8336157713463009 -1.6611437313611972 0.7145446229081066 -0.8097092929396622 0.4716925773536854 -1.42488702369803
-1.6277699581010672 0.8336157713463009 0.6019948672235402 0.7145446229081066 -0.8097092929396622 0.4716925773536854 -1.42488702369803
-1.6277699581010672 0.8336157713463009 0.6019948672235402 0.7145446229081066 -0.8097092929396622 0.4716925773536854 -1.42488702369803
-1.6277699581010672 0.8336157713463009 0.6019948672235402 0.7145446229081066 1.2350111437766564 0.4716925773536854 -1.42488702369803
-1.6277699581010672 0.8336157713463009 -1.6611437313611972 0.7145446229081066 -0.8097092929396622 0.4716925773536854 0.7018100265975371
0.6143374222034331 0.8336157713463009 -1.6611437313611972 0.7145446229081066 -0.8097092929396622 -2.120024880633596 0.7018100265975371
0.6143374222034331 0.8336157713463009 -1.6611437313611972 0.7145446229081066 -0.8097092929396622 0.4716925773536854 0.7018100265975371
0.6143374222034331 0.8336157713463009 -1.6611437313611972 0.7145446229081066 -0.8097092929396622 0.4716925773536854 0.7018100265975371
0.6143374222034331 0.8336157713463009 -1.6611437313611972 0.7145446229081066 -0.8097092929396622 0.4716925773536854 0.7018100265975371
0.6143374222034331 0.8336157713463009 0.6019948672235402 0.7145446229081066 -0.8097092929396622 0.4716925773536854 0.7018100265975371
0.6143374222034331 0.8336157713463009 -1.6611437313611972 -1.3994927229738658 -0.8097092929396622 0.4716925773536854 -1.42488702369803
0.6143374222034331 0.8336157713463009 -1.6611437313611972 0.7145446229081066 1.2350111437766564 0.4716925773536854 -1.42488702369803
0.6143374222034331 0.8336157713463009 -1.6611437313611972 0.7145446229081066 1.2350111437766564 0.4716925773536854 0.7018100265975371
0.6143374222034331 0.8336157713463009 -1.6611437313611972 0.7145446229081066 1.2350111437766564 0.4716925773536854 0.7018100265975371
0.6143374222034331 0.8336157713463009 0.6019948672235402 0.7145446229081066 -0.8097092929396622 -2.120024880633596 0.7018100265975371
0.6143374222034331 -1.199593427059311 -1.6611437313611972 -1.3994927229738658 -0.8097092929396622 -2.120024880633596 -1.42488702369803
0.6143374222034331 -1.199593427059311 -1.6611437313611972 -1.3994927229738658 -0.8097092929396622 0.4716925773536854 0.7018100265975371
0.6143374222034331 -1.199593427059311 0.6019948672235402 -1.3994927229738658 -0.8097092929396622 0.4716925773536854 -1.42488702369803
0.6143374222034331 -1.199593427059311 0.6019948672235402 -1.3994927229738658 -0.8097092929396622 0.4716925773536854 -1.42488702369803
0.6143374222034331 -1.199593427059311 0.6019948672235402 -1.3994927229738658 1.2350111437766564 -2.120024880633596 -1.42488702369803
0.6143374222034331 0.8336157713463009 0.6019948672235402 -1.3994927229738658 -0.8097092929396622 0.4716925773536854 -1.42488702369803
-1.6277699581010672 0.8336157713463009 -1.6611437313611972 0.7145446229081066 1.2350111437766564 0.4716925773536854 0.7018100265975371
0.6143374222034331 0.8336157713463009 0.6019948672235402 -1.3994927229738658 1.2350111437766564 0.4716925773536854 0.7018100265975371
0.6143374222034331 0.8336157713463009 0.6019948672235402 0.7145446229081066 1.2350111437766564 -2.120024880633596 0.7018100265975371
0.6143374222034331 0.8336157713463009 0.6019948672235402 0.7145446229081066 1.2350111437766564 0.4716925773536854 0.7018100265975371
0.6143374222034331 0.8336157713463009 0.6019948672235402 0.7145446229081066 1.2350111437766564 0.4716925773536854 0.7018100265975371
-1.6277699581010672 0.8336157713463009 0.6019948672235402 0.7145446229081066 -0.8097092929396622 -2.120024880633596 0.7018100265975371
0.6143374222034331 0.8336157713463009 0.6019948672235402 0.7145446229081066 -0.8097092929396622 0.4716925773536854 0.7018100265975371
0.6143374222034331 0.8336157713463009 0.6019948672235402 0.7145446229081066 -0.8097092929396622 0.4716925773536854 0.7018100265975371
-1.6277699581010672 -1.199593427059311 0.6019948672235402 -1.3994927229738658 1.2350111437766564 0.4716925773536854 0.7018100265975371
0.6143374222034331 0.8336157713463009 0.6019948672235402 -1.3994927229738658 1.2350111437766564 0.4716925773536854 -1.42488702369803
0.6143374222034331 0.8336157713463009 0.6019948672235402 -1.3994927229738658 1.2350111437766564 0.4716925773536854 0.7018100265975371
0.6143374222034331 0.8336157713463009 0.6019948672235402 -1.3994927229738658 1.2350111437766564 0.4716925773536854 0.7018100265975371
-1.6277699581010672 -1.199593427059311 -1.6611437313611972 -1.3994927229738658 -0.8097092929396622 0.4716925773536854 -1.42488702369803
-1.6277699581010672 -1.199593427059311 0.6019948672235402 -1.3994927229738658 -0.8097092929396622 0.4716925773536854 -1.42488702369803
-1.6277699581010672 -1.199593427059311 0.6019948672235402 -1.3994927229738658 -0.8097092929396622 0.4716925773536854 -1.42488702369803
0.6143374222034331 -1.199593427059311 0.6019948672235402 0.7145446229081066 -0.8097092929396622 0.4716925773536854 -1.42488702369803
0.6143374222034331 -1.199593427059311 -1.6611437313611972 0.7145446229081066 1.2350111437766564 -2.120024880633596 0.7018100265975371
0.6143374222034331 -1.199593427059311 0.6019948672235402 0.7145446229081066 1.2350111437766564 -2.120024880633596 0.7018100265975371
0.6143374222034331 -1.199593427059311 0.6019948672235402 0.7145446229081066 1.2350111437766564 -2.120024880633596 0.7018100265975371
0.6143374222034331 0.8336157713463009 0.6019948672235402 0.7145446229081066 1.2350111437766564 -2.120024880633596 0.7018100265975371
-1.6277699581010672 -1.199593427059311 0.6019948672235402 -1.3994927229738658 -0.8097092929396622 -2.120024880633596 0.7018100265975371
0.6143374222034331 -1.199593427059311 0.6019948672235402 0.7145446229081066 -0.8097092929396622 -2.120024880633596 0.7018100265975371
0.6143374222034331 -1.199593427059311 0.6019948672235402 0.7145446229081066 -0.8097092929396622 0.4716925773536854 0.7018100265975371
0.6143374222034331 -1.199593427059311 0.6019948672235402 0.7145446229081066 -0.8097092929396622 0.4716925773536854 0.7018100265975371
-1.6277699581010672 -1.199593427059311 0.6019948672235402 0.7145446229081066 -0.8097092929396622 0.4716925773536854 -1.42488702369803
-1.6277699581010672 0.8336157713463009 0.6019948672235402 -1.3994927229738658 -0.8097092929396622 0.4716925773536854 -1.42488702369803
-1.6277699581010672 0.8336157713463009 0.6019948672235402 0.7145446229081066 -0.8097092929396622 0.4716925773536854 -1.42488702369803
-1.6277699581010672 0.8336157713463009 0.6019948672235402 0.7145446229081066 -0.8097092929396622 0.4716925773536854 -1.42488702369803
-1.6277699581010672 0.8336157713463009 0.6019948672235402 0.7145446229081066 1.2350111437766564 0.4716925773536854 -1.42488702369803
-1.6277699581010672 -1.199593427059311 -1.6611437313611972 0.7145446229081066 -0.8097092929396622 0.4716925773536854 0.7018100265975371
0.6143374222034331 0.8336157713463009 -1.6611437313611972 0.7145446229081066 -0.8097092929396622 -2.120024880633596 0.7018100265975371
0.6143374222034331 0.8336157713463009 -1.6611437313611972 0.7145446229081066 -0.8097092929396622 0.4716925773536854 0.7018100265975371
0.6143374222034331 0.8336157713463009 -1.6611437313611972 0.7145446229081066 -0.8097092929396622 0.4716925773536854 0.7018100265975371
0.6143374222034331 0.8336157713463009 -1.6611437313611972 0.7145446229081066 -0.8097092929396622 0.4716925773536854 0.7018100265975371
-1.6277699581010672 0.8336157713463009 -1.6611437313611972 0.7145446229081066 1.2350111437766564 0.4716925773536854 0.7018100265975371
0.6143374222034331 0.8336157713463009 -1.6611437313611972 0.7145446229081066 -0.8097092929396622 0.4716925773536854 0.7018100265975371
0.6143374222034331 0.8336157713463009 -1.6611437313611972 0.7145446229081066 1.2350111437766564 0.4716925773536854 0.7018100265975371
0.6143374222034331 0.8336157713463009 -1.6611437313611972 0.7145446229081066 1.2350111437766564 0.4716925773536854 0.7018100265975371
0.6143374222034331 0.8336157713463009 -1.6611437313611972 0.7145446229081066 1.2350111437766564 0.4716925773536854 0.7018100265975371
-1.6277699581010672 -1.199593427059311 0.6019948672235402 -1.3994927229738658 -0.8097092929396622 0.4716925773536854 -1.42488702369803
0.6143374222034331 -1.199593427059311 0.6019948672235402 -1.3994927229738658 -0.8097092929396622 0.4716925773536854 -1.42488702369803
0.6143374222034331 -1.199593427059311 0.6019948672235402 -1.3994927229738658 -0.8097092929396622 0.4716925773536854 -1.42488702369803
0.6143374222034331 -1.199593427059311 0.6019948672235402 -1.3994927229738658 -0.8097092929396622 0.4716925773536854 -1.42488702369803
0.6143374222034331 -1.199593427059311 0.6019948672235402 -1.3994927229738658 -0.8097092929396622 0.4716925773536854 -1.42488702369803
0.6143374222034331 0.8336157713463009 0.6019948672235402 0.7145446229081066 -0.8097092929396622 0.4716925773536854 -1.42488702369803
-1.6277699581010672 0.8336157713463009 0.6019948672235402 -1.3994927229738658 1.2350111437766564 0.4716925773536854 0.7018100265975371
0.6143374222034331 0.8336157713463009 0.6019948672235402 0.7145446229081066 1.2350111437766564 0.4716925773536854 0.7018100265975371
0.6143374222034331 0.8336157713463009 0.6019948672235402 0.7145446229081066 1.2350111437766564 0.4716925773536854 0.7018100265975371
0.6143374222034331 0.8336157713463009 0.6019948672235402 0.7145446229081066 1.2350111437766564 0.4716925773536854 0.7018100265975371
-1.6277699581010672 0.8336157713463009 0.6019948672235402 0.7145446229081066 -0.8097092929396622 0.4716925773536854 0.7018100265975371
0.6143374222034331 0.8336157713463009 0.6019948672235402 -1.3994927229738658 -0.8097092929396622 0.4716925773536854 0.7018100265975371
0.6143374222034331 0.8336157713463009 0.6019948672235402 0.7145446229081066 -0.8097092929396622 0.4716925773536854 0.7018100265975371
-1.6277699581010672 0.8336157713463009 0.6019948672235402 -1.3994927229738658 1.2350111437766564 0.4716925773536854 0.7018100265975371
0.6143374222034331 0.8336157713463009 0.6019948672235402 -1.3994927229738658 1.2350111437766564 -2.120024880633596 0.7018100265975371
0.6143374222034331 0.8336157713463009 0.6019948672235402 -1.3994927229738658 1.2350111437766564 0.4716925773536854 0.7018100265975371
0.6143374222034331 0.8336157713463009 0.6019948672235402 -1.3994927229738658 1.2350111437766564 0.4716925773536854 0.7018100265975371
-1.6277699581010672 -1.199593427059311 -1.6611437313611972 -1.3994927229738658 -0.8097092929396622 0.4716925773536854 -1.42488702369803
-1.6277699581010672 -1.199593427059311 0.6019948672235402 -1.3994927229738658 -0.8097092929396622 0.4716925773536854 -1.42488702369803
-1.6277699581010672 -1.199593427059311 0.6019948672235402 -1.3994927229738658 1.2350111437766564 0.4716925773536854 -1.42488702369803
0.6143374222034331 -1.199593427059311 -1.6611437313611972 0.7145446229081066 1.2350111437766564 -2.120024880633596 0.7018100265975371
0.6143374222034331 -1.199593427059311 0.6019948672235402 -1.3994927229738658 1.2350111437766564 -2.120024880633596 0.7018100265975371
0.6143374222034331 -1.199593427059311 0.6019948672235402 0.7145446229081066 1.2350111437766564 -2.120024880633596 -1.42488702369803
0.6143374222034331 -1.199593427059311 0.6019948672235402 0.7145446229081066 1.2350111437766564 -2.120024880633596 0.7018100265975371
0.6143374222034331 0.8336157713463009 0.6019948672235402 0.7145446229081066 -0.8097092929396622 -2.120024880633596 0.7018100265975371
-1.6277699581010672 -1.199593427059311 0.6019948672235402 0.7145446229081066 -0.8097092929396622 0.4716925773536854 0.7018100265975371
0.6143374222034331 -1.199593427059311 -1.6611437313611972 -1.3994927229738658 -0.8097092929396622 0.4716925773536854 0.7018100265975371
0.6143374222034331 -1.199593427059311 0.6019948672235402 0.7145446229081066 -0.8097092929396622 0.4716925773536854 0.7018100265975371
0.6143374222034331 -1.199593427059311 0.6019948672235402 0.7145446229081066 -0.8097092929396622 0.4716925773536854 0.7018100265975371
0.6143374222034331 -1.199593427059311 0.6019948672235402 0.7145446229081066 -0.8097092929396622 0.4716925773536854 0.7018100265975371
0.6143374222034331 0.8336157713463009 0.6019948672235402 0.7145446229081066 -0.8097092929396622 0.4716925773536854 0.7018100265975371
-1.6277699581010672 0.8336157713463009 -1.6611437313611972 0.7145446229081066 -0.8097092929396622 0.4716925773536854 -1.42488702369803
-1.6277699581010672 0.8336157713463009 -1.6611437313611972 0.7145446229081066 -0.8097092929396622 0.4716925773536854 0.7018100265975371
-1.6277699581010672 0.8336157713463009 0.6019948672235402 0.7145446229081066 -0.8097092929396622 0.4716925773536854 -1.42488702369803
-1.6277699581010672 0.8336157713463009 0.6019948672235402 0.7145446229081066 1.2350111437766564 0.4716925773536854 -1.42488702369803
0.6143374222034331 0.8336157713463009 0.6019948672235402 0.7145446229081066 -0.8097092929396622 0.4716925773536854 -1.42488702369803
0.6143374222034331 0.8336157713463009 -1.6611437313611972 -1.3994927229738658 -0.8097092929396622 0.4716925773536854 0.7018100265975371
0.6143374222034331 0.8336157713463009 -1.6611437313611972 0.7145446229081066 -0.8097092929396622 0.4716925773536854 0.7018100265975371
0.6143374222034331 0.8336157713463009 -1.6611437313611972 0.7145446229081066 -0.8097092929396622 0.4716925773536854 0.7018100265975371
0.6143374222034331 0.8336157713463009 -1.6611437313611972 0.7145446229081066 -0.8097092929396622 0.4716925773536854 0.7018100265975371
-1.6277699581010672 0.8336157713463009 -1.6611437313611972 0.7145446229081066 1.2350111437766564 0.4716925773536854 0.7018100265975371
0.6143374222034331 0.8336157713463009 -1.6611437313611972 -1.3994927229738658 1.2350111437766564 0.4716925773536854 0.7018100265975371
0.6143374222034331 0.8336157713463009 -1.6611437313611972 0.7145446229081066 1.2350111437766564 0.4716925773536854 0.7018100265975371
0.6143374222034331 0.8336157713463009 -1.6611437313611972 0.7145446229081066 1.2350111437766564 0.4716925773536854 0.7018100265975371
0.6143374222034331 0.8336157713463009 0.6019948672235402 -1.3994927229738658 1.2350111437766564 0.4716925773536854 0.7018100265975371
-1.6277699581010672 -1.199593427059311 0.6019948672235402 -1.3994927229738658 -0.8097092929396622 0.4716925773536854 -1.42488702369803
0.6143374222034331 -1.199593427059311 0.6019948672235402 -1.3994927229738658 -0.8097092929396622 -2.120024880633596 -1.42488702369803
0.6143374222034331 -1.199593427059311 0.6019948672235402 -1.3994927229738658 -0.8097092929396622 0.4716925773536854 -1.42488702369803
0.6143374222034331 -1.199593427059311 0.6019948672235402 -1.3994927229738658 -0.8097092929396622 0.4716925773536854 -1.42488702369803
0.6143374222034331 -1.199593427059311 0.6019948672235402 -1.3994927229738658 -0.8097092929396622 0.4716925773536854 -1.42488702369803
-1.6277699581010672 0.8336157713463009 0.6019948672235402 0.7145446229081066 1.2350111437766564 0.4716925773536854 0.7018100265975371
0.6143374222034331 0.8336157713463009 0.6019948672235402 0.7145446229081066 -0.8097092929396622 0.4716925773536854 0.7018100265975371
0.6143374222034331 0.8336157713463009 0.6019948672235402 0.7145446229081066 1.2350111437766564 -2.120024880633596 0.7018100265975371
0.6143374222034331 0.8336157713463009 0.6019948672235402 0.7145446229081066 1.2350111437766564 0.4716925773536854 0.7018100265975371
0.6143374222034331 0.8336157713463009 0.6019948672235402 0.7145446229081066 1.2350111437766564 0.4716925773536854 0.7018100265975371
0.6143374222034331 -1.199593427059311 0.6019948672235402 0.7145446229081066 -0.8097092929396622 0.4716925773536854 0.7018100265975371
0.6143374222034331 0.8336157713463009 0.6019948672235402 -1.3994927229738658 -0.8097092929396622 0.4716925773536854 0.7018100265975371
0.6143374222034331 0.8336157713463009 0.6019948672235402 0.7145446229081066 -0.8097092929396622 0.4716925773536854 0.7018100265975371
0.6143374222034331 0.8336157713463009 0.6019948672235402 0.7145446229081066 -0.8097092929396622 0.4716925773536854 0.7018100265975371
0.6143374222034331 0.8336157713463009 0.6019948672235402 0.7145446229081066 1.2350111437766564 0.4716925773536854 0.7018100265975371
-1.6277699581010672 0.8336157713463009 0.6019948672235402 0.7145446229081066 1.2350111437766564 0.4716925773536854 0.7018100265975371
0.6143374222034331 0.8336157713463009 0.6019948672235402 -1.3994927229738658 -0.8097092929396622 0.4716925773536854 0.7018100265975371
0.6143374222034331 0.8336157713463009 0.6019948672235402 -1.3994927229738658 1.2350111437766564 0.4716925773536854 0.7018100265975371
0.6143374222034331 0.8336157713463009 0.6019948672235402 -1.3994927229738658 1.2350111437766564 0.4716925773536854 0.7018100265975371
0.6143374222034331 0.8336157713463009 0.6019948672235402 0.7145446229081066 1.2350111437766564 0.4716925773536854 0.7018100265975371
-1.6277699581010672 -1.199593427059311 -1.6611437313611972 -1.3994927229738658 -0.8097092929396622 0.4716925773536854 0.7018100265975371
-1.6277699581010672 -1.199593427059311 0.6019948672235402 -1.3994927229738658 -0.8097092929396622 0.4716925773536854 -1.42488702369803
-1.6277699581010672 -1.199593427059311 0.6019948672235402 -1.3994927229738658 -0.8097092929396622 0.4716925773536854 -1.42488702369803
0.6143374222034331 -1.199593427059311 0.6019948672235402 -1.3994927229738658 -0.8097092929396622 0.4716925773536854 0.7018100265975371
-1.6277699581010672 -1.199593427059311 0.6019948672235402 0.7145446229081066 1.2350111437766564 -2.120024880633596 -1.42488702369803
0.6143374222034331 -1.199593427059311 0.6019948672235402 0.7145446229081066 -0.8097092929396622 -2.120024880633596 0.7018100265975371
0.6143374222034331 -1.199593427059311 0.6019948672235402 0.7145446229081066 1.2350111437766564 -2.120024880633596 0.7018100265975371
0.6143374222034331 -1.199593427059311 0.6019948672235402 0.7145446229081066 1.2350111437766564 -2.120024880633596 0.7018100265975371
0.6143374222034331 0.8336157713463009 0.6019948672235402 0.7145446229081066 1.2350111437766564 -2.120024880633596 0.7018100265975371
-1.6277699581010672 -1.199593427059311 0.6019948672235402 0.7145446229081066 -0.8097092929396622 0.4716925773536854 0.7018100265975371
0.6143374222034331 -1.199593427059311 0.6019948672235402 -1.3994927229738658 -0.8097092929396622 0.4716925773536854 -1.42488702369803
0.6143374222034331 -1.199593427059311 0.6019948672235402 0.7145446229081066 -0.8097092929396622 0.4716925773536854 0.7018100265975371
0.6143374222034331 -1.199593427059311 0.6019948672235402 0.7145446229081066 -0.8097092929396622 0.4716925773536854 0.7018100265975371
0.6143374222034331 -1.199593427059311 0.6019948672235402 0.7145446229081066 -0.8097092929396622 0.4716925773536854 0.7018100265975371
0.6143374222034331 0.8336157713463009 0.6019948672235402 0.7145446229081066 -0.8097092929396622 0.4716925773536854 0.7018100265975371
-1.6277699581010672 -1.199593427059311 0.6019948672235402 0.7145446229081066 -0.8097092929396622 -2.120024880633596 -1.42488702369803
-1.6277699581010672 0.8336157713463009 0.6019948672235402 0.7145446229081066 -0.8097092929396622 0.4716925773536854 -1.42488702369803
-1.6277699581010672 0.8336157713463009 0.6019948672235402 0.7145446229081066 -0.8097092929396622 0.4716925773536854 -1.42488702369803
-1.6277699581010672 0.8336157713463009 0.6019948672235402 0.7145446229081066 -0.8097092929396622 0.4716925773536854 -1.42488702369803
-1.6277699581010672 0.8336157713463009 0.6019948672235402 0.7145446229081066 -0.8097092929396622 0.4716925773536854 0.7018100265975371
0.6143374222034331 -1.199593427059311 -1.6611437313611972 -1.3994927229738658 1.2350111437766564 0.4716925773536854 0.7018100265975371
0.6143374222034331 0.8336157713463009 -1.6611437313611972 0.7145446229081066 -0.8097092929396622 -2.120024880633596 0.7018100265975371
0.6143374222034331 0.8336157713463009 -1.6611437313611972 0.7145446229081066 -0.8097092929396622 0.4716925773536854 0.7018100265975371
0.6143374222034331 0.8336157713463009 -1.6611437313611972 0.7145446229081066 -0.8097092929396622 0.4716925773536854 0.7018100265975371
0.6143374222034331 0.8336157713463009 -1.6611437313611972 0.7145446229081066 -0.8097092929396622 0.4716925773536854 0.7018100265975371
-1.6277699581010672 0.8336157713463009 -1.6611437313611972 0.7145446229081066 1.2350111437766564 0.4716925773536854 -1.42488702369803
0.6143374222034331 0.8336157713463009 -1.6611437313611972 0.7145446229081066 1.2350111437766564 -2.120024880633596 0.7018100265975371
0.6143374222034331 0.8336157713463009 -1.6611437313611972 0.7145446229081066 1.2350111437766564 0.4716925773536854 0.7018100265975371
0.6143374222034331 0.8336157713463009 -1.6611437313611972 0.7145446229081066 1.2350111437766564 0.4716925773536854 0.7018100265975371
0.6143374222034331 0.8336157713463009 0.6019948672235402 0.7145446229081066 1.2350111437766564 0.4716925773536854 0.7018100265975371
-1.6277699581010672 -1.199593427059311 0.6019948672235402 -1.3994927229738658 -0.8097092929396622 0.4716925773536854 -1.42488702369803
0.6143374222034331 -1.199593427059311 0.6019948672235402 -1.3994927229738658 -0.8097092929396622 0.4716925773536854 -1.42488702369803
0.6143374222034331 -1.199593427059311 0.6019948672235402 -1.3994927229738658 -0.8097092929396622 0.4716925773536854 -1.42488702369803
0.6143374222034331 -1.199593427059311 0.6019948672235402 -1.3994927229738658 -0.8097092929396622 0.4716925773536854 -1.42488702369803
0.6143374222034331 -1.199593427059311 0.6019948672235402 -1.3994927229738658 1.2350111437766564 0.4716925773536854 -1.42488702369803
-1.6277699581010672 0.8336157713463009 0.6019948672235402 -1.3994927229738658 -0.8097092929396622 0.4716925773536854 0.7018100265975371
0.6143374222034331 0.8336157713463009 -1.6611437313611972 0.7145446229081066 1.2350111437766564 0.4716925773536854 0.7018100265975371
0.6143374222034331 0.8336157713463009 0.6019948672235402 0.7145446229081066 1.2350111437766564 0.4716925773536854 0.7018100265975371
0.6143374222034331 0.8336157713463009 0.6019948672235402 0.7145446229081066 1.2350111437766564 0.4716925773536854 0.7018100265975371
-1.6277699581010672 0.8336157713463009 0.6019948672235402 0.7145446229081066 -0.8097092929396622 0.4716925773536854 0.7018100265975371
0.6143374222034331 0.8336157713463009 0.6019948672235402 0.7145446229081066 -0.8097092929396622 -2.120024880633596 0.7018100265975371
0.6143374222034331 0.8336157713463009 0.6019948672235402 0.7145446229081066 -0.8097092929396622 0.4716925773536854 -1.42488702369803
0.6143374222034331 0.8336157713463009 0.6019948672235402 0.7145446229081066 -0.8097092929396622 0.4716925773536854 0.7018100265975371
0.6143374222034331 0.8336157713463009 0.6019948672235402 0.7145446229081066 -0.8097092929396622 0.4716925773536854 0.7018100265975371
0.6143374222034331 0.8336157713463009 0.6019948672235402 0.7145446229081066 1.2350111437766564 -2.120024880633596 -1.42488702369803
0.6143374222034331 0.8336157713463009 -1.6611437313611972 0.7145446229081066 1.2350111437766564 0.4716925773536854 0.7018100265975371
0.6143374222034331 0.8336157713463009 -1.6611437313611972 0.7145446229081066 1.2350111437766564 0.4716925773536854 0.7018100265975371
0.6143374222034331 -1.199593427059311 0.6019948672235402 -1.3994927229738658 -0.8097092929396622 0.4716925773536854 -1.42488702369803
0.6143374222034331 -1.199593427059311 0.6019948672235402 -1.3994927229738658 -0.8097092929396622 0.4716925773536854 0.7018100265975371
0.6143374222034331 -1.199593427059311 0.6019948672235402 -1.3994927229738658 1.2350111437766564 0.4716925773536854 0.7018100265975371
0.6143374222034331 0.8336157713463009 0.6019948672235402 -1.3994927229738658 1.2350111437766564 0.4716925773536854 -1.42488702369803
-1.6277699581010672 -1.199593427059311 0.6019948672235402 -1.3994927229738658 -0.8097092929396622 -2.120024880633596 -1.42488702369803
0.6143374222034331 0.8336157713463009 0.6019948672235402 0.7145446229081066 1.2350111437766564 -2.120024880633596 0.7018100265975371
0.6143374222034331 -1.199593427059311 0.6019948672235402 0.7145446229081066 -0.8097092929396622 0.4716925773536854 0.7018100265975371
-1.6277699581010672 -1.199593427059311 -1.6611437313611972 0.7145446229081066 -0.8097092929396622 0.4716925773536854 -1.42488702369803
0.6143374222034331 0.8336157713463009 -1.6611437313611972 0.7145446229081066 -0.8097092929396622 0.4716925773536854 0.7018100265975371
0.6143374222034331 -1.199593427059311 -1.6611437313611972 -1.3994927229738658 1.2350111437766564 -2.120024880633596 -1.42488702369803
0.6143374222034331 0.8336157713463009 -1.6611437313611972 0.7145446229081066 -0.8097092929396622 0.4716925773536854 0.7018100265975371
0.6143374222034331 0.8336157713463009 0.6019948672235402 0.7145446229081066 -0.8097092929396622 0.4716925773536854 0.7018100265975371
-1.6277699581010672 0.8336157713463009 0.6019948672235402 -1.3994927229738658 1.2350111437766564 0.4716925773536854 -1.42488702369803
0.6143374222034331 0.8336157713463009 0.6019948672235402 -1.3994927229738658 1.2350111437766564 0.4716925773536854 -1.42488702369803
0.6143374222034331 -1.199593427059311 0.6019948672235402 -1.3994927229738658 -0.8097092929396622 0.4716925773536854 0.7018100265975371
0.6143374222034331 0.8336157713463009 -1.6611437313611972 0.7145446229081066 -0.8097092929396622 0.4716925773536854 0.7018100265975371
-1.6277699581010672 0.8336157713463009 0.6019948672235402 0.7145446229081066 1.2350111437766564 0.4716925773536854 0.7018100265975371
0.6143374222034331 -1.199593427059311 0.6019948672235402 -1.3994927229738658 1.2350111437766564 0.4716925773536854 0.7018100265975371
0.6143374222034331 -1.199593427059311 0.6019948672235402 0.7145446229081066 1.2350111437766564 -2.120024880633596 -1.42488702369803
0.6143374222034331 0.8336157713463009 0.6019948672235402 0.7145446229081066 -0.8097092929396622 0.4716925773536854 0.7018100265975371
-1.6277699581010672 0.8336157713463009 -1.6611437313611972 0.7145446229081066 -0.8097092929396622 0.4716925773536854 -1.42488702369803
-1.6277699581010672 -1.199593427059311 0.6019948672235402 -1.3994927229738658 -0.8097092929396622 0.4716925773536854 0.7018100265975371
0.6143374222034331 0.8336157713463009 -1.6611437313611972 0.7145446229081066 -0.8097092929396622 0.4716925773536854 -1.42488702369803
0.6143374222034331 0.8336157713463009 -1.6611437313611972 0.7145446229081066 -0.8097092929396622 0.4716925773536854 0.7018100265975371
0.6143374222034331 0.8336157713463009 -1.6611437313611972 0.7145446229081066 1.2350111437766564 0.4716925773536854 0.7018100265975371
0.6143374222034331 -1.199593427059311 0.6019948672235402 -1.3994927229738658 -0.8097092929396622 0.4716925773536854 -1.42488702369803
0.6143374222034331 0.8336157713463009 0.6019948672235402 0.7145446229081066 -0.8097092929396622 0.4716925773536854 0.7018100265975371
-1.6277699581010672 -1.199593427059311 0.6019948672235402 -1.3994927229738658 -0.8097092929396622 0.4716925773536854 -1.42488702369803
0.6143374222034331 -1.199593427059311 0.6019948672235402 -1.3994927229738658 -0.8097092929396622 0.4716925773536854 -1.42488702369803
-1.6277699581010672 0.8336157713463009 0.6019948672235402 0.7145446229081066 1.2350111437766564 0.4716925773536854 -1.42488702369803
0.6143374222034331 0.8336157713463009 -1.6611437313611972 0.7145446229081066 1.2350111437766564 0.4716925773536854 -1.42488702369803
0.6143374222034331 -1.199593427059311 0.6019948672235402 -1.3994927229738658 -0.8097092929396622 0.4716925773536854 -1.42488702369803
-1.6277699581010672 -1.199593427059311 0.6019948672235402 0.7145446229081066 1.2350111437766564 -2.120024880633596 0.7018100265975371
-1.6277699581010672 0.8336157713463009 0.6019948672235402 -1.3994927229738658 -0.8097092929396622 0.4716925773536854 -1.42488702369803
0.6143374222034331 0.8336157713463009 0.6019948672235402 0.7145446229081066 -0.8097092929396622 -2.120024880633596 -1.42488702369803
0.6143374222034331 0.8336157713463009 0.6019948672235402 0.7145446229081066 -0.8097092929396622 0.4716925773536854 0.7018100265975371
-1.6277699581010672 -1.199593427059311 0.6019948672235402 0.7145446229081066 1.2350111437766564 -2.120024880633596 0.7018100265975371
0.6143374222034331 -1.199593427059311 0.6019948672235402 0.7145446229081066 -0.8097092929396622 0.4716925773536854 0.7018100265975371
0.6143374222034331 0.8336157713463009 0.6019948672235402 0.7145446229081066 -0.8097092929396622 0.4716925773536854 0.7018100265975371
0.6143374222034331 0.8336157713463009 0.6019948672235402 -1.3994927229738658 1.2350111437766564 -2.120024880633596 0.7018100265975371
0.6143374222034331 0.8336157713463009 0.6019948672235402 0.7145446229081066 1.2350111437766564 0.4716925773536854 0.7018100265975371
0.6143374222034331 0.8336157713463009 0.6019948672235402 0.7145446229081066 -0.8097092929396622 0.4716925773536854 0.7018100265975371
0.6143374222034331 0.8336157713463009 0.6019948672235402 0.7145446229081066 -0.8097092929396622 0.4716925773536854 0.7018100265975371
-1.6277699581010672 0.8336157713463009 0.6019948672235402 0.7145446229081066 -0.8097092929396622 0.4716925773536854 -1.42488702369803
0.6143374222034331 0.8336157713463009 -1.6611437313611972 0.7145446229081066 -0.8097092929396622 0.4716925773536854 0.7018100265975371
0.6143374222034331 0.8336157713463009 0.6019948672235402 -1.3994927229738658 -0.8097092929396622 0.4716925773536854 -1.42488702369803
0.6143374222034331 0.8336157713463009 0.6019948672235402 0.7145446229081066 1.2350111437766564 0.4716925773536854 0.7018100265975371
