300 2
1.58285603112002 -0.6536631665088874
-0.318494473729332 1.5625320723308131
-1.444938456040861 0.763417100396647
1.2837236181746388 -0.9690981940965464
-0.4147854944876451 1.6569181097244354
-0.2365275290372793 -0.8080923734745142
0.2272017770479587 -1.3994448617105957
-1.2066884178142454 1.2721659794166345
0.9962541591405124 -1.44615117988843
-0.6045152927909221 1.553335665070076
-1.716643483733608 -0.4046015711628742
-0.1151685220927417 1.3008710747339391
-0.5040991987440754 0.3092175893247781
0.3923961987396069 -0.0267811684492603
-0.5695864234933958 0.4975179571279842
1.6703753235740546 0.0850374785199626
0.1834460219117849 -1.4005571683795206
-1.5062673141191516 0.6842266121459588
0.179415271565748 0.9039139919975367
0.1182806957137941 1.134308581437214
0.338286700067044 0.9798001261731508
-0.388941140674263 1.315828709746712
-0.5398229223841544 -0.1133941321992565
0.4614018731680165 -1.4595123985688574
0.3759017753156984 0.6718613840688055
-0.5817566876854859 1.5412941392339
0.5039880587750506 0.7029323138739699
-0.7810537651780239 1.33089529489731
1.6419743712993446 0.5526577345438864
-0.4070553250015264 1.4834339350576375
-1.736219019923623 -0.502225690976203
0.8362319189713171 -1.4286106940000536
1.252906613564111 -0.8623138113553953
-0.5126538331026466 1.5146369724804565
-0.5541904075619261 0.1139781183297761
0.4243997177313772 -1.3209253509401642
-1.5725310395832144 0.4243468147041442
1.168254529963069 -1.2024262634699063
-0.1418017930240469 -0.8619946938515004
-0.1301851760096076 -0.968686833502917
-0.4732736717190683 -0.282877437878999
0.5190000646982936 -1.569647815804394
-0.164825763463577 -0.9727990606462528
0.5980465882423178 -0.37868418744523
0.2340629024114359 0.900258644037354
-1.242041522742641 1.0135844998652297
-1.475734779524163 0.6937127897411528
-1.208033279313074 1.0527463742885552
-1.4274920146126902 1.013847834091122
-0.6434579625660979 1.477414823085479
-0.5095089959634701 -0.3474878858558177
-0.3172394446087577 1.395051155141106
0.5599540635583575 0.0240853289240866
-0.2974342299508477 1.334800379562812
1.4719940625452463 -0.7550750173744755
-1.7269362104933994 -0.010932065526727
-1.6844389967293252 -0.0849470667639844
1.6723765903451475 0.2862022128846946
-0.3383725624480706 -0.7367375088569097
-1.0198719554605793 1.3595363825970002
0.5397837878011258 0.2161225295570713
-1.1355650587541246 1.52232195002658
-0.4978140190065472 -0.2187275115562857
1.3470371583142855 -0.8997136497301157
-1.7016483458298222 -0.0234659971669492
1.3918786894761044 -0.9460915187262354
0.0834279297613637 1.073368646151042
0.5758031359790029 -0.0104289269581899
-1.7943455457372677 -0.2087287298354767
-0.5042772542261549 0.1419295706779162
-1.1355583543103192 1.3097389472190586
1.4015925750543814 -0.7912601886463646
-0.3662362703268459 -0.6397251490189305
0.4085624322257861 -1.3281097249917504
0.226748170085635 0.9328644740752132
1.395030572364369 -1.081686775527002
-0.0173507392586793 1.1788657428869476
0.5423122940267767 -0.3347947572207952
0.6437444109274297 -1.5701814492577786
-1.5729825468472602 0.2298100266006814
-0.5580819538555322 0.3364892298259339
-0.3561947461113809 1.3569745297791214
-0.1738999769061842 -1.0687552199824262
1.1500841641652182 -1.207291107153409
0.8509518995373814 -1.3609695102411656
-0.1870041171367993 1.4059934465904005
1.6799729823437273 -0.4006332084744824
-0.4382236559737134 -0.4567376297658698
-0.1337915334157009 -1.1782118823842525
0.9060351894308752 -1.3881460003849706
1.117017577140574 -1.5171944163335231
1.8028987894595705 -0.2828740820126159
-0.4963349826755131 0.295675003517961
-0.8726696722427657 1.621818559007718
0.5751224236097386 -1.533137785029186
0.6043403932901299 -0.3997762298294035
-0.1508667173763136 1.3545087653131254
1.611841362199998 0.0934812249154543
0.9697530205022996 -1.3324315177925763
-1.3398992450962937 0.9196433955203748
0.0027116959046501 -1.3723554372934543
-0.9633421525487548 1.3172656886544267
-0.2080625122889621 1.4541143957491045
0.6884096714488831 -1.482176623889844
-0.3454389961899639 1.599863249364856
1.6436028957438087 0.1895778570974713
1.64213316644441 -0.279464322532386
-0.8929412776033927 1.3614429763119114
1.7107005706964415 0.5703545651426521
-0.6208551504589637 -0.152564466837783
0.5690664735164828 -0.4871420888930226
-0.4228287450629674 -0.5078009185683412
-1.1993796846576754 0.9331917329167084
1.5741205168992918 -0.1501708789098356
-1.0492045464317477 1.340130693573354
-0.26459939592621 1.4108364229593675
1.6741774289484253 -0.1317193072585815
-1.7444655090799226 -0.1862834967428774
-0.5724104736192295 1.4045251512437973
-1.7662419643038678 -0.1087606714557862
0.9284990677954004 -1.345480074562156
1.3490585966641115 -1.1271577641738777
-1.7403887970337246 0.0290045441846589
1.6312239538265825 -0.5110109132740417
-1.089149586781074 1.219517765449049
1.503405250968792 -0.4752298091586312
-1.584892757038756 0.4170145436500021
1.1536066805840457 -1.1390746527390907
-1.7167322620184018 0.0662974449608406
0.3886238783795608 -1.5820866769632478
0.585650960606056 -0.0980009839175818
0.2034311036179913 0.986453753227102
-1.6939650601814995 0.1330355278444063
-0.1879208001200766 1.3005890527145143
-0.2276504863174042 -0.7369364458528914
0.7687606524271006 -1.1693212159921056
-1.0143060639016228 1.094275728866154
1.6756177805923946 -0.2406949300800276
-1.3652286308707844 1.1051689791369546
-0.7367790471361002 1.5821656350354554
0.4237442125446538 0.1844616299727064
1.8218539043744708 0.3391617895435935
-1.5586131133876964 0.4976671412761685
1.689471037698739 0.0842955073056309
-1.4283378618718108 0.9657474687816142
1.68389994230559 0.0046352193352863
-1.6982883694818016 0.0386725270730552
-1.6523834256229253 0.3594495143746597
-1.2830159379667856 1.143207464638467
-1.4621528135745034 0.6991624995739055
-0.3786766644896177 1.4949913463067113
-0.3200918830529293 -0.9627134066322772
0.5802003934853975 -0.1766791552067324
1.115560314818847 -1.3256010698473384
-1.2587338225917568 1.001154603832928
-0.5646957985887923 -0.1584797079614756
-0.6377659467811886 1.637882946517561
0.5369888204622713 -0.0788213814077178
0.5285481912702342 -1.5502642351135207
-0.1981981302058579 -1.2081417593810315
-1.4638269964849535 0.6999457854111549
0.5242706283408796 0.2669254986838905
-1.5874505102491387 0.4825852620836956
0.0814900887211683 1.2938013160932986
-1.641407108093531 0.2252644015779714
-0.6136336088012786 1.7292066849174883
0.2478887772192535 -1.600144206675755
-0.6124279207714213 0.057574235775787
0.151978931259294 0.8666102871180313
0.7087793254582013 -1.425959714495702
0.0347943960613069 -1.1683753843378724
-1.3651992629808145 0.997732672199756
0.0798920363932085 1.277473367221571
0.5374773927074277 0.5667367993883649
0.5577398624624911 0.2126310072831774
-0.2236629672531029 -1.0267202020996071
0.907139766402274 -1.4962001862825804
0.6393595823572883 -1.4257468205515913
-1.816686233911024 -0.578852110255958
-0.5827939480044941 0.2314458851347307
0.2809177560312826 -1.4156057321863602
0.3013168172974524 0.7418009663519004
-1.4597210546231447 0.8658802914709084
-1.0839806984215623 1.402050971269311
-0.5839684078482179 0.3976706409236568
0.0521888477078928 1.3202004938426777
-0.397036643967163 -0.6346395200221413
-0.6925660835375445 1.4686408947492833
1.471967658222054 -0.9189410637818836
1.6792399976400467 0.1903625760172747
1.153964268910268 -1.1641082830835776
0.547229856144701 -1.3939741703848685
0.4308063078597155 -1.5309018684453044
-0.8122230113266216 1.5907513675212237
-0.6069296732075798 0.2969334660053247
1.386012188328903 -0.9213279785235126
1.0569070110880248 -1.223521676796261
-0.0374625190033517 -1.1870609751219665
1.6876692596981402 -0.1857082573782852
0.446862977701164 -1.7307479149335003
1.425633884038442 -0.7728724844368683
-0.0403341075821693 -1.2831550280680124
-0.0309559758039285 -1.2331555602959878
-1.6306923559790492 0.4150558628101199
-0.5596057839591001 -0.3390243836198033
0.3726956623932749 0.4279257897399066
0.4493326469166401 -1.3736813179852976
0.3964360298038323 0.3708266090561839
-0.9300725166300706 1.3743077985055243
-0.5912899403434769 0.0828183549631691
-0.6324381053164018 0.4284430015335771
0.8711927916115726 -1.435549848405728
0.468269257874431 0.4735675577639368
1.5009594177300911 -0.6331888102898625
0.3483530572592294 -1.4262130879948134
0.4527621886048701 0.3821887015910961
1.7481365769114487 0.5408228059572431
-0.4585880200915364 -0.2335001981940306
0.979405429208368 -1.3121423634995306
1.3062199778218424 -1.022170867488607
-0.4190356013803865 -0.3719701673435033
0.5095975168752691 -0.4902046312438308
1.672511433552603 -0.5044115420990385
-0.4436792381747162 -0.598272335044757
-0.0660814580417969 1.0951982721618685
-0.0929200603293141 -1.0532529135838102
0.5353975548147766 -0.1811545416014854
0.5257548142567474 0.0798446599928334
0.5317017862397522 -0.2658980229091995
-0.5466363123817297 -0.1976619986853476
0.1184069210489318 -1.4962305831088336
0.3206596078661783 0.7624763239846494
1.8160702022383484 0.1696298762878711
-0.55263178106747 0.3032957815569905
0.7847446757262856 -1.5021870859136532
-1.5623243538720328 0.4976287151285843
-0.2653394463065882 1.5035903681674532
-0.0358385889486442 -1.3773611489169937
-1.3063102232030266 0.8617726211967595
1.7985454573670454 0.3371096795499337
-1.6539915255433513 -0.3965503692784754
-0.0447870804173116 -1.1895758940914631
-0.0196246761239971 1.1412169728177135
0.1748892437908095 1.0789074948866513
0.3703635114176374 0.6869127554756465
1.507820098387364 -0.7514565045889565
-1.6769857495720055 0.5354129787784749
0.2520468134877789 -1.5092896935298077
0.0879423413067332 1.1595723110297145
1.016872666630365 -1.4309536940131429
1.2038855660077346 -1.338895412412365
-0.7255629530277503 1.4924908536322437
0.5682454020374953 -0.089504393052948
-0.8100974843422881 1.4190584297581823
0.2863401308196542 0.8898913542957712
-0.8949592305033462 1.3507281694686806
-0.4849041514529784 -0.5290527727349805
-0.4779008713951619 1.6925003924548458
-1.6722198362929268 -0.2750935778137243
-0.0337581538348358 1.3494897755791064
-1.2868682267790743 0.9778058350060596
1.4727568951824477 -0.5022584021961061
-1.1785249028163618 1.2393411173504063
-0.2076045548612744 1.3841866580697355
0.5841577164088253 -0.3081664634620649
-0.2817420259114695 -0.9306574447050991
0.7876524196637158 -1.4196818378794056
0.4886797347057959 0.3550819665849953
0.323153532918622 -1.5057439885050197
1.5375938113258276 -0.434412843867192
1.1510361606034412 -1.3017745292469185
-1.4881409214793688 0.8615424000478695
-0.5008167476291709 -0.2757073639735867
1.3768212356329834 -0.8790650393217353
-0.3181988701749141 -0.750996476224522
-1.1961260158882665 1.0661599761438747
-0.685268506297397 1.386679934957863
-1.6284687973381982 -0.0026297417172684
1.7018490180396009 -0.5180695684308851
0.333724288165212 0.4358292930238539
-0.6056788719382782 1.5527405279895667
0.1476484373394583 -1.35873505360401
0.3035218297343003 0.8663038430442059
-0.4364701726174982 -0.488990232847359
1.082871891809584 -1.1170365071151134
0.2970022498914417 -1.4860784352818222
0.0873193596498103 -1.4365513831132772
0.9945653382521628 -1.3550687309936873
-1.640548543057495 0.2409333350935798
0.575396550839162 -1.6722020764683356
-0.036476876265204 -1.033461036225698
0.4054518778897832 0.8021891682913714
-0.9700119586753284 1.366334518653837
1.668690483499802 0.1569163859100509
-0.3211647371372055 -1.0515813380569812
-1.7296618794725969 -0.2890135487024252
0.4894957727266114 0.2737864920459091
-0.1821047366070761 1.3398764235712035
1.6085481579694625 -0.3646840746301763
1.352730875759634 -1.2363002272602686
