215 5 3
-0.1978940411782547 0.063022199668309 0.1057544206669447 -0.3243888252813067 -0.1861798804789194
0.2596029357392162 0.0203457494992179 0.7412662343021552 -0.1441728112361363 0.2112503328921526
1.3270958818799818 0.6604925020355868 0.2469792681414357 -0.2424724552607746 -0.4469934580036854
-0.045395048872431 -0.9612126043898812 -0.317920121756529 -0.2424724552607746 -0.3352162104930714
-0.3503930334840784 -0.5344481026989686 -0.3885325454937747 -0.2260891812566682 -0.5339313171786074
-0.3503930334840784 -0.7905068037135161 0.035141996929699 -0.2424724552607746 0.3478669687384586
0.0308544472804807 0.127036874921946 -0.317920121756529 -0.2097059072525618 -0.1861798804789194
0.335852431892128 0.0203457494992179 0.2469792681414357 -0.2260891812566682 0.1864109445564606
-0.2741435373311666 -0.0863453759235102 0.1057544206669447 -0.2260891812566682 -0.5215116230107614
-0.1978940411782547 0.6818307271201324 -0.6709822404427571 -0.3243888252813067 -0.1365011038075353
-0.2741435373311666 -1.1959330803198829 -0.6003698167055116 -0.2097059072525618 -0.3476359046609174
0.0308544472804807 0.3190809006828568 0.1763668444041901 -0.3243888252813067 -0.1116617154718434
0.4883514241979517 -0.1290218260926017 0.4588165393531728 -0.3080055512772002 0.0001155320387706
0.1833534395863044 -0.3637423020226035 -0.1060828505447923 0.1343428468336725 -0.2731177396538414
0.9458484011154228 -0.0223307006698735 -0.317920121756529 -0.3243888252813067 -0.2482783513181493
-0.045395048872431 -0.2997276267689665 0.035141996929699 -0.2916222772730938 -0.0744026329683053
0.1071039434333925 -0.2997276267689665 -0.3885325454937747 -0.3407720992854131 -0.3724752929966094
0.335852431892128 -0.6624774532062423 -0.3885325454937747 -0.3080055512772002 -0.0868223271361514
0.7170999126566873 0.1697133250910371 0.035141996929699 -0.258855729264881 -0.3848949871644554
0.4121019280450399 -0.5771245528680599 -0.529757392968266 -0.258855729264881 -0.2731177396538414
-0.6553910180957258 -0.4277569772762404 -0.6003698167055116 -0.3080055512772002 -0.3103768221573794
-0.5028920257899021 0.063022199668309 -0.529757392968266 -0.3571553732895194 -0.5090919288429154
-0.045395048872431 0.127036874921946 -0.1060828505447923 -0.4063051953018387 -0.5339313171786074
-0.5791415219428139 -0.4704334274453317 -0.1766952742820378 -0.1441728112361363 -0.2110192688146114
0.8695989049625109 0.063022199668309 -0.2473076980192835 -0.258855729264881 -0.5090919288429154
-0.7316405142486376 -0.7905068037135161 0.2469792681414357 -0.176939359244349 -0.0495632446326134
-0.2741435373311666 -0.0436689257544191 0.2469792681414357 -0.3080055512772002 -0.3600555988287634
0.4883514241979517 0.063022199668309 0.1057544206669447 -0.2097059072525618 -0.4221540696679934
-0.3503930334840784 0.2764044505137653 -0.0354704268075466 -0.3080055512772002 -0.3973146813323014
0.0308544472804807 0.127036874921946 -0.1766952742820378 -0.3080055512772002 -0.2358586571503034
0.793349408809599 -0.2997276267689665 -0.6709822404427571 -0.2424724552607746 -0.3476359046609174
0.4883514241979517 0.2764044505137653 -0.0354704268075466 -0.2752390032689875 -0.2358586571503034
0.0308544472804807 -0.4277569772762404 -0.1060828505447923 -0.1277895372320298 0.2733488037313826
-1.494135475777756 -0.3637423020226035 -0.317920121756529 -0.2424724552607746 -0.3848949871644554
0.5646009203508635 0.5111249264437672 -0.1060828505447923 -0.2752390032689875 -0.0371435504647674
0.5646009203508635 0.2550662254292197 -0.4591449692310204 -0.2260891812566682 -0.2606980454859954
0.2596029357392162 -0.1716982762616928 -0.0354704268075466 -0.176939359244349 -0.3227965163252254
-0.2741435373311666 -0.0863453759235102 -0.3885325454937747 -0.3407720992854131 -0.4594131521715314
1.5558443703387177 -0.0650071508389646 -0.2473076980192835 -0.4063051953018387 -0.1240814096396893
-0.7316405142486376 0.1483751000064916 0.2469792681414357 -0.3243888252813067 -0.2855374338216874
0.8695989049625109 0.063022199668309 0.2469792681414357 -0.3407720992854131 -0.1489207979753814
0.0308544472804807 -0.1290218260926017 -0.317920121756529 -0.2260891812566682 -0.4842525405072234
1.4795948741858056 0.4471102511901305 0.4588165393531728 -0.2752390032689875 -0.0868223271361514
0.8695989049625109 0.7885218525428604 -0.3885325454937747 -0.2097059072525618 -0.4594131521715314
1.0220978972683346 -0.3637423020226035 0.1763668444041901 -0.3080055512772002 0.1118927795493845
-0.1978940411782547 -0.2997276267689665 -0.1766952742820378 -0.2260891812566682 -0.4221540696679934
-0.045395048872431 0.0416839745837634 -0.529757392968266 -0.176939359244349 0.0125352262066165
0.793349408809599 -0.6411392281216967 -0.1060828505447923 -0.258855729264881 -0.2855374338216874
-0.7316405142486376 -0.0650071508389646 0.3175916918786814 -0.258855729264881 -0.5463510113464535
0.6408504165037754 -0.3637423020226035 -0.1060828505447923 -0.2260891812566682 1.1799864779841407
-0.7316405142486376 0.3190809006828568 0.3175916918786814 -0.3571553732895194 -0.5587707055142994
-0.5028920257899021 0.5111249264437672 -0.6003698167055116 -0.258855729264881 -0.1861798804789194
0.4121019280450399 -0.3637423020226035 -0.2473076980192835 -0.3735386472936258 -0.2482783513181493
0.7170999126566873 -0.3850805271071491 -0.0354704268075466 -0.3735386472936258 -0.1240814096396893
-0.2741435373311666 -0.0863453759235102 -0.2473076980192835 -0.3243888252813067 -0.1365011038075353
0.335852431892128 0.2337280003446742 0.035141996929699 -0.422688469305945 -0.3476359046609174
-1.2653869873190204 -0.1930365013462383 -0.3885325454937747 -0.3407720992854131 -0.1861798804789194
0.793349408809599 0.127036874921946 0.035141996929699 -0.2916222772730938 -0.2979571279895334
-0.2741435373311666 0.3190809006828568 -0.1766952742820378 -0.3243888252813067 -0.3973146813323014
0.0308544472804807 -0.2357129515153298 -0.1060828505447923 -0.2097059072525618 0.0249549203744626
-0.5028920257899021 -0.3637423020226035 -0.4591449692310204 -0.3899219212977322 -0.0495632446326134
-0.6553910180957258 -0.5771245528680599 0.1057544206669447 -0.3407720992854131 -0.2482783513181493
0.4121019280450399 0.127036874921946 -0.1766952742820378 -0.2097059072525618 -0.2731177396538414
0.4883514241979517 0.0416839745837634 -0.2473076980192835 -0.2260891812566682 0.0125352262066165
0.5646009203508635 -0.1290218260926017 -0.1060828505447923 -0.2260891812566682 0.3230275804027666
-0.2741435373311666 -0.6624774532062423 -0.3885325454937747 -0.2752390032689875 -0.0371435504647674
0.6408504165037754 0.1483751000064916 0.035141996929699 -0.3571553732895194 -0.0868223271361514
-0.960389002707373 -0.4277569772762404 -0.529757392968266 -0.2752390032689875 -0.4097343755001474
0.2596029357392162 0.2764044505137653 -0.2473076980192835 -0.3407720992854131 -0.2358586571503034
-0.4266425296369902 -0.7478303535444248 -0.0354704268075466 -0.2752390032689875 -0.0247238562969213
-1.0366384988602848 -0.0863453759235102 -0.3885325454937747 -0.3080055512772002 -0.1365011038075353
0.793349408809599 0.5538013766128587 0.2469792681414357 -0.3407720992854131 -0.2855374338216874
1.7845928587974529 -0.0223307006698735 0.6000413868276638 -0.3407720992854131 -0.2855374338216874
1.25084638572707 -0.0863453759235102 0.1763668444041901 -0.3080055512772002 -0.0247238562969213
0.2596029357392162 -0.2783894016844209 -0.1766952742820378 -0.3407720992854131 -0.4594131521715314
-0.045395048872431 -0.0223307006698735 -0.4591449692310204 -0.2916222772730938 -0.2606980454859954
0.7170999126566873 0.6604925020355868 -0.3885325454937747 -0.258855729264881 -0.0744026329683053
-0.6553910180957258 -0.5771245528680599 -0.317920121756529 -0.2260891812566682 -0.3227965163252254
-0.1216445450253429 0.127036874921946 0.035141996929699 -0.258855729264881 -0.2234389629824574
0.5646009203508635 -0.6624774532062423 0.1057544206669447 -0.176939359244349 0.3106078862349206
0.4121019280450399 1.172609904064682 0.1763668444041901 -0.1441728112361363 -0.2731177396538414
-1.417885979624844 -0.3850805271071491 -0.2473076980192835 -0.1277895372320298 0.0497943087101545
-0.5028920257899021 -0.2783894016844209 -0.1766952742820378 -0.1605560852402427 -0.3848949871644554
-0.8841395065544613 -0.1503600511771472 -0.4591449692310204 -0.1605560852402427 -0.5587707055142994
0.1071039434333925 -0.4277569772762404 -0.0354704268075466 -0.176939359244349 -0.0123041621290754
-0.1978940411782547 0.6818307271201324 -0.3885325454937747 -0.0131066192032851 -0.3103768221573794
0.7170999126566873 0.3404191257674023 0.1763668444041901 -0.1114062632279234 -0.3227965163252254
0.9458484011154228 0.4257720261055849 0.4588165393531728 -0.1933226332484554 -0.2358586571503034
-0.3503930334840784 -0.3637423020226035 -0.0354704268075466 -0.1605560852402427 -0.5836100938499914
-0.045395048872431 -0.4704334274453317 -0.529757392968266 -0.1114062632279234 -0.2855374338216874
-0.3503930334840784 -0.0650071508389646 -0.1766952742820378 -0.2097059072525618 -0.0744026329683053
0.1833534395863044 -0.8331832538826073 -0.2473076980192835 -0.1441728112361363 -0.3600555988287634
0.1833534395863044 -0.0650071508389646 -0.0354704268075466 -0.2752390032689875 -0.4345737638358394
-0.8841395065544613 -0.2570511765998754 -0.317920121756529 -0.2097059072525618 0.2236700270599986
-0.045395048872431 0.5538013766128587 0.1763668444041901 -0.1933226332484554 -0.4221540696679934
0.335852431892128 -0.1503600511771472 0.3882041156159271 -0.2260891812566682 -0.3352162104930714
0.335852431892128 0.2764044505137653 0.2469792681414357 -0.1441728112361363 -0.5587707055142994
0.0308544472804807 -0.2997276267689665 -0.4591449692310204 -0.3080055512772002 -0.2855374338216874
0.793349408809599 -0.5771245528680599 -0.6003698167055116 -0.2260891812566682 0.0125352262066165
-0.1216445450253429 0.2337280003446742 -0.6003698167055116 -0.1605560852402427 -0.3973146813323014
-0.1216445450253429 -0.2357129515153298 -0.6003698167055116 -0.1114062632279234 -0.2110192688146114
0.4883514241979517 0.4471102511901305 -0.1766952742820378 -0.1605560852402427 -0.3352162104930714
0.2596029357392162 0.3617573508519479 -0.3885325454937747 -0.1605560852402427 -0.1613404921432274
-0.3503930334840784 -0.5984627779526054 -0.3885325454937747 -0.0294898932073914 0.0125352262066165
0.335852431892128 -0.2997276267689665 -0.317920121756529 -0.2097059072525618 -0.5463510113464535
0.335852431892128 -0.3637423020226035 -0.317920121756529 -0.2097059072525618 -0.4594131521715314
-0.3503930334840784 0.2764044505137653 -0.6709822404427571 -0.3407720992854131 -0.3724752929966094
-0.1978940411782547 0.8525365277964976 -0.3885325454937747 -0.3080055512772002 -0.2855374338216874
0.4883514241979517 0.3617573508519479 -0.1766952742820378 -0.2424724552607746 0.1491518620529226
-0.5791415219428139 -0.0650071508389646 -0.4591449692310204 -0.2916222772730938 -0.3227965163252254
0.4883514241979517 1.3433157047410471 -0.8122070879172485 -0.258855729264881 -0.3352162104930714
0.6408504165037754 0.1697133250910371 -0.1766952742820378 -0.2424724552607746 -0.1489207979753814
-0.045395048872431 -0.1930365013462383 -0.2473076980192835 -0.3080055512772002 -0.4097343755001474
0.0308544472804807 -0.5984627779526054 -0.7415946641800029 -0.2097059072525618 0.0125352262066165
-0.4266425296369902 -0.0436689257544191 -0.6709822404427571 -0.258855729264881 -0.4221540696679934
-0.3503930334840784 -0.2357129515153298 -0.3885325454937747 -0.2916222772730938 -0.3352162104930714
-0.5791415219428139 -0.2783894016844209 -0.6003698167055116 -0.258855729264881 -0.3476359046609174
0.1833534395863044 -0.6411392281216967 -0.2473076980192835 -0.2424724552607746 -0.1116617154718434
0.1071039434333925 -0.2783894016844209 -0.317920121756529 -0.2916222772730938 -0.0371435504647674
0.1071039434333925 -0.2783894016844209 -0.317920121756529 -0.2752390032689875 0.4348048279133806
-0.5028920257899021 -0.5344481026989686 -0.7415946641800029 -0.3571553732895194 -0.4594131521715314
-0.8841395065544613 0.127036874921946 -0.317920121756529 -0.0950229892238171 -0.6084494821856834
0.5646009203508635 -0.4277569772762404 -0.0354704268075466 -0.3080055512772002 -0.0371435504647674
0.1071039434333925 -0.1503600511771472 -0.2473076980192835 -0.2752390032689875 -0.0123041621290754
-0.6553910180957258 -0.7478303535444248 -0.3885325454937747 -0.3243888252813067 -0.1613404921432274
-0.2741435373311666 -0.1930365013462383 -0.9534319353917398 -0.3080055512772002 -0.2358586571503034
-0.5791415219428139 -0.2997276267689665 -0.3885325454937747 -0.3407720992854131 -0.2234389629824574
0.4121019280450399 0.1697133250910371 -0.882819511654494 -0.1277895372320298 0.0497943087101545
1.5558443703387177 0.0416839745837634 -0.317920121756529 -0.3243888252813067 0.0497943087101545
-0.6553910180957258 -0.6624774532062423 -0.529757392968266 -0.3080055512772002 0.1864109445564606
0.0308544472804807 -0.7478303535444248 -0.7415946641800029 -0.3407720992854131 -0.3973146813323014
-0.5028920257899021 -0.0650071508389646 0.6000413868276638 -0.2424724552607746 -0.5339313171786074
0.2596029357392162 -0.4277569772762404 -0.0354704268075466 -0.2916222772730938 -0.1489207979753814
0.1833534395863044 0.1697133250910371 -0.317920121756529 -0.3243888252813067 -0.5339313171786074
0.6408504165037754 -0.7051539033753336 -0.6003698167055116 -0.2752390032689875 -0.3103768221573794
-0.045395048872431 -0.1290218260926017 -0.1766952742820378 -0.2916222772730938 0.0249549203744626
0.4883514241979517 -0.4277569772762404 -0.4591449692310204 -0.2916222772730938 -0.0619829388004593
1.3270958818799818 -0.449095202360786 -0.1766952742820378 -0.1605560852402427 0.2733488037313826
-0.1216445450253429 -0.7051539033753336 -0.7415946641800029 -0.3243888252813067 -0.3352162104930714
-0.1216445450253429 -0.5771245528680599 -0.529757392968266 -0.2097059072525618 -0.2482783513181493
-0.3503930334840784 -0.8758597040516986 -0.7415946641800029 -0.3243888252813067 -0.4097343755001474
-0.8841395065544613 -0.8758597040516986 -1.1652692066034769 -0.258855729264881 -0.1737601863110734
0.1833534395863044 -0.7051539033753336 -0.6003698167055116 -0.2752390032689875 -0.2731177396538414
0.6408504165037754 0.5111249264437672 -0.3885325454937747 -0.3080055512772002 -0.2358586571503034
-1.1891374911661086 -0.4917716525298772 -0.6003698167055116 -0.258855729264881 0.0249549203744626
1.25084638572707 0.127036874921946 -0.2473076980192835 -0.2752390032689875 -0.0868223271361514
0.335852431892128 -0.4917716525298772 -0.6709822404427571 -0.2097059072525618 0.0249549203744626
0.1071039434333925 0.4471102511901305 0.1763668444041901 -0.3243888252813067 -0.0495632446326134
-0.4266425296369902 -0.7905068037135161 -0.1766952742820378 -0.3899219212977322 -0.4221540696679934
-0.5791415219428139 -0.683815678290788 -0.6003698167055116 -0.2424724552607746 -0.3600555988287634
2.242089835714924 1.4073303799946837 1.2355532004628744 -0.2916222772730938 -0.5463510113464535
0.1071039434333925 1.3219774796565011 0.035141996929699 -0.3243888252813067 -0.5339313171786074
0.2596029357392162 1.5780361806710486 -0.1766952742820378 -0.3080055512772002 -0.5215116230107614
-3.400372879600552 3.306432412519245 2.647801675207787 -0.258855729264881 -0.4966722346750694
-1.6466344680835796 3.0503737115046974 2.43596440399605 -0.3407720992854131 -0.5090919288429154
-3.400372879600552 1.791418431516505 5.613523472172103 -0.258855729264881 -0.5090919288429154
1.8608423549503648 1.4073303799946837 1.9416774378353303 -0.3735386472936258 -0.5090919288429154
0.0308544472804807 2.2395211582919634 1.164940776725629 -0.3735386472936258 -0.4966722346750694
-3.247873887294728 2.8796679108283323 3.777600455003717 -0.176939359244349 -0.5960297880178373
-1.112887995013197 0.2764044505137653 0.4588165393531728 -0.2097059072525618 -0.5587707055142994
-1.5703849719306675 0.9592276532192257 1.447390471674611 -0.3899219212977322 -0.4966722346750694
-1.5703849719306675 2.9863590362510606 2.3653519802588048 -0.3899219212977322 -0.5090919288429154
-1.6466344680835796 0.6604925020355868 0.4588165393531728 -0.4554550173141578 -0.4966722346750694
-0.3503930334840784 1.6207126308401398 -0.317920121756529 -0.422688469305945 -0.4718328463393774
-1.5703849719306675 2.1968447081228724 3.706988031266471 -0.2916222772730938 -0.5463510113464535
-0.8078900104015494 0.6818307271201324 1.0943283529883834 -0.3571553732895194 -0.5339313171786074
-2.256630437306874 2.8156532355746955 5.613523472172103 -0.3243888252813067 -0.5339313171786074
-1.5703849719306675 2.559594534560148 3.56576318379198 -0.3571553732895194 -0.5339313171786074
-0.8078900104015494 0.6818307271201324 0.7412662343021552 -0.3899219212977322 -0.5339313171786074
-3.1716243911418163 1.044580553557408 4.0600501499527 -0.3735386472936258 -0.5463510113464535
-0.960389002707373 0.9378894281346798 1.0943283529883834 -0.2260891812566682 -0.4842525405072234
-1.951632452695227 2.495579859306511 0.4588165393531728 -0.2916222772730938 -0.5960297880178373
-1.951632452695227 1.855433106770142 1.6592277428863484 -0.2916222772730938 -0.5587707055142994
-0.8841395065544613 1.4713450552483205 1.5886153191491026 -0.1933226332484554 -0.4966722346750694
-1.1891374911661086 2.2821976084610545 -0.1766952742820378 -0.2424724552607746 -0.5836100938499914
-0.8078900104015494 1.6420508559246856 -0.1060828505447923 -0.2424724552607746 -0.4842525405072234
-2.5616284219185217 3.306432412519245 1.729840166623594 -0.2752390032689875 -0.5339313171786074
0.0308544472804807 1.151271678980136 -0.1060828505447923 -0.3571553732895194 -0.5463510113464535
2.623337316479483 2.666285659982876 0.8824910817766463 -0.258855729264881 -0.4469934580036854
-0.3503930334840784 0.468448476274676 0.8824910817766463 -0.2916222772730938 -0.5215116230107614
-1.6466344680835796 1.4286686050792294 2.0122898615725764 -0.3407720992854131 -0.5090919288429154
-0.960389002707373 1.1299334538955903 -0.1766952742820378 -0.2752390032689875 -0.5463510113464535
-0.2741435373311666 0.7671836274583149 0.6706538105649096 -0.2916222772730938 -0.5215116230107614
-2.332879933459786 1.96212423219287 2.43596440399605 -0.3243888252813067 -0.4842525405072234
-1.3416364834719323 0.2764044505137653 -0.0354704268075466 -0.3571553732895194 -0.5463510113464535
1.1745968895741583 -1.60135935692625 -0.8122070879172485 2.2314019193592918 0.6583593229346086
0.793349408809599 -0.6411392281216967 0.035141996929699 1.2320222051088012 4.272490325777794
-0.1216445450253429 -1.3453006559117024 -1.0240443591289852 -0.1933226332484554 -0.3476359046609174
0.793349408809599 -1.4519917813344303 0.3175916918786814 -0.2752390032689875 0.0373746145423086
0.7170999126566873 -1.2812859806580656 -0.6709822404427571 3.296314729626207 0.1864109445564606
2.394588828020748 -0.8971979291362443 -0.1766952742820378 1.0354229170595242 1.2669243371590628
1.4795948741858056 -1.772065157602615 -1.0240443591289852 1.5760709591950357 -0.1613404921432274
0.6408504165037754 -1.323962430827157 -0.3885325454937747 1.4286214931580776 5.539299130898087
0.793349408809599 -1.6867122572644324 -0.9534319353917398 2.5590673994414197 2.4592149772722784
0.7170999126566873 -1.9214327331944343 -0.9534319353917398 8.768328246997743 2.1611423172439745
1.0220978972683346 -0.8971979291362443 -0.6709822404427571 1.7726702472443123 6.470776193486537
0.4121019280450399 -0.7478303535444248 -0.6003698167055116 0.2981755868747365 1.2669243371590628
1.25084638572707 -1.9854474084480715 -1.3064940540779677 1.5269211371827165 0.5714214637596867
0.8695989049625109 -1.0892419548971548 -0.1766952742820378 1.3630883971416523 6.060926285947619
1.6320938664916291 -1.516006456588067 -0.882819511654494 1.1501058350882691 0.0622140028780006
1.8608423549503648 -1.6653740321798869 -1.0946567828662308 1.5269211371827165 -0.2482783513181493
2.394588828020748 -1.5586829067571588 -0.529757392968266 0.9207399990307796 0.4099654395776886
0.2596029357392162 -1.0038890545589725 -0.9534319353917398 0.4783916009199068 1.9127484338870548
2.0133413472561883 -1.7934033826871605 -1.235881630340722 4.869109034020422 0.5217426870883027
0.793349408809599 -1.366638880996248 -0.1766952742820378 0.7569072589897156 2.1487226230761287
1.1745968895741583 -1.3026242057426112 -0.6709822404427571 0.9207399990307796 2.6951891664613523
1.0220978972683346 -1.6867122572644324 -1.235881630340722 3.2635481816179945 2.235660482251051
0.1833534395863044 -1.537344681672613 -0.9534319353917398 6.245304050365358 1.8382302688799788
1.8608423549503648 -1.6867122572644324 -1.0240443591289852 2.542684125437313 0.4969032987526106
0.7170999126566873 -1.0038890545589725 -0.6709822404427571 0.6749908889691836 4.545723597470406
0.6408504165037754 -0.7051539033753336 -0.529757392968266 -0.1933226332484554 0.9067532062915288
2.242089835714924 -1.1959330803198829 -0.9534319353917398 0.2326424908583108 0.2609291095635366
-0.5028920257899021 -1.0038890545589725 -0.4591449692310204 -0.2752390032689875 0.0994730853815386
-0.960389002707373 -1.0892419548971548 -0.6709822404427571 -0.1277895372320298 1.0433698421378346
-0.5791415219428139 -0.9612126043898812 -0.4591449692310204 -0.258855729264881 0.3106078862349206
