462 9 2
1.0585635426541131 1.8230728939909548 0.4784121691091746 -0.2955031937164432 1.1858541225631425 -0.4184701295352886 -0.1767858831975806 3.277737970512033 0.6293357269279048
0.2770892884546519 -0.7902374411811489 -0.1596799884691531 0.4121404700948098 -0.8432740427115679 0.1933437940257977 0.6713729061243666 -0.6127446275326749 1.383114695640517
-0.9928063746194729 -0.7749804167055819 -0.6092449176720658 0.8843317875834098 1.1858541225631425 -0.1125631677547454 0.7355193691823289 -0.5411833016279215 0.218183562175571
1.5469849515287766 0.8422641777045106 0.8071263108919493 1.6241410724769925 1.1858541225631425 -0.2145321550149264 1.4126209236830425 0.2950619068019112 1.0404878916802387
-0.2113321204200114 2.171804882003913 -0.5995768546784548 0.3053506081014755 1.1858541225631425 0.703188730326703 -0.0128560331605662 1.647775427332907 0.423759644551738
-0.3090164021949441 0.5589194374439822 0.8361304998727822 1.3899753509976325 1.1858541225631425 0.9071267048470651 1.1227739424581755 -0.1187670178587199 0.1496582013835154
0.1794050066797192 0.0903108285515699 -0.657585232640121 -1.1845609604320355 -0.8432740427115679 0.601219743066522 -1.243517805902215 -0.5898450032431538 -0.330019324160874
-1.188174938169338 0.0968495533268129 -0.072667421526654 -1.3904209353589456 1.1858541225631425 0.9071267048470651 -0.6970849724454982 -0.4221870396948745 1.0404878916802387
-1.188174938169338 -0.7924170161062298 -0.4400538152838728 -0.7728410105782159 1.1858541225631425 -0.4184701295352886 -0.2813208600327789 -0.5951609874532212 -0.9467475712893748
-0.3090164021949441 -0.7924170161062298 0.5122503895868129 0.714497308268709 1.1858541225631425 1.6209096156683327 0.9659714772053788 -0.6969825311691275 0.6978610877199605
3.3053020234775645 0.5153279389423624 -0.8654485870027578 0.8830451627401169 -0.8432740427115679 1.926816577448876 0.1819591509413937 1.5954334289568588 1.17753861326435
-0.2113321204200114 2.280783628257962 -0.1451778939787364 -0.3881401824335526 1.1858541225631425 1.2130336666276085 -0.7018365623016435 -0.6969825311691275 -0.1929686025767627
-0.9928063746194729 -0.7924170161062298 -1.382689957160948 -1.9758352390573457 -0.8432740427115679 0.601219743066522 -1.062957391368691 -0.6969825311691275 -1.7690519007940422
-0.3090164021949441 -0.7924170161062298 -1.3875239886577533 -1.0546118512594236 -0.8432740427115679 -0.4184701295352886 -0.5735436361857189 -0.6573171105247785 -1.9061026223781532
-1.2858592199442709 1.310872786596923 -1.1844946657919218 -1.055898476102717 1.1858541225631425 0.0913748067656167 -0.5973015854664452 -0.6691758445318519 0.6978610877199605
-1.041648515506939 -0.4589420525688388 -1.111984193339839 0.4558857147667782 1.1858541225631425 -1.8460359511778237 -0.0366139824412925 0.531009821356441 0.218183562175571
-0.8951220928445401 0.8422641777045106 5.119082406042467 -0.4383185513219869 -0.8432740427115679 0.703188730326703 -0.1744100882695085 0.713388971947984 0.423759644551738
0.3747735702295846 1.496136655228807 1.7159242322913852 1.2806122393177113 1.1858541225631425 2.5386305010099623 1.5884297483604206 -0.1289900644165418 0.6978610877199605
0.9608792608791806 -0.2257275355851731 1.314699618056528 1.1146376345328903 1.1858541225631425 0.8051577175868841 0.7735320880314918 1.481753151233879 1.3145893348484612
-0.6997535292946747 2.2589878790071523 0.7201137439494503 1.357809729915303 1.1858541225631425 -0.8263460785760128 0.9612198873492336 -0.6969825311691275 1.1090132524722942
-1.578912065269069 -0.4415054531681909 -1.450366398116225 -1.6837713996297925 -0.8432740427115679 2.130754551969238 -1.2173840616934148 -0.1502540012568115 -1.5634758184178754
-0.3090164021949441 0.9294471747077502 -0.9137889019708132 0.1406626281599473 1.1858541225631425 -0.2145321550149264 0.0275324806166697 0.3543555768372783 0.0811328405914598
0.5701421337794499 -0.7270297683538003 0.7926242164015327 1.104344635786545 1.1858541225631425 0.9071267048470651 -0.3335883484503776 -0.6969825311691275 0.4922850053437936
-0.015963556870146 -0.6616425206013705 -0.4497218782774839 0.4185735943112759 -0.8432740427115679 0.0913748067656167 0.6309843923471306 -0.6372799392714474 1.0404878916802387
0.1794050066797192 3.1744093475411668 -0.1935182089467918 -0.1321018386182084 -0.8432740427115679 0.8051577175868841 0.034659865400888 -0.6969825311691275 0.4922850053437936
-0.6997535292946747 0.079412953926165 3.712379240472062 0.756955928097384 1.1858541225631425 0.0913748067656167 -0.6685754333086258 -0.6127446275326749 -0.0559178809926514
-0.9928063746194729 0.5153279389423624 2.3733525158569355 1.0940516370401987 -0.8432740427115679 0.703188730326703 3.030537269700538 -0.6969825311691275 0.3552342837596823
0.3259314293421183 1.1909961657174686 0.2415446257657044 0.2757582367057321 -0.8432740427115679 0.601219743066522 -1.2078808819811244 0.186288691426686 1.2460639740564057
0.2770892884546519 0.0990291282518938 0.3913996021666751 0.771108801373609 1.1858541225631425 0.703188730326703 0.8044174220964364 -0.4700308975854809 0.9034371700961276
0.3747735702295846 -0.7924170161062298 0.9086409723248652 0.0364460158531993 -0.8432740427115679 0.703188730326703 0.4813093118785519 -0.36043983848563 1.383114695640517
-0.1136478386450787 -0.243164134985821 -0.3820454373222066 0.0287262667934399 -0.8432740427115679 -0.2145321550149264 -0.9940593384545834 -0.6969825311691275 0.1496582013835154
0.9608792608791806 -0.5701003737479692 0.7684540589175052 -0.1964330807828678 -0.8432740427115679 1.3150026538877897 -0.929912875396621 0.3249132027507511 0.218183562175571
-0.7974378110696074 0.6461024344472216 0.4059016966570918 1.35652310507201 1.1858541225631425 -0.0105941804945643 0.4813093118785519 -0.1837855939664673 1.1090132524722942
-0.6020692475197421 1.114711043339634 0.8651346888536156 1.1082045103164246 -0.8432740427115679 -0.4184701295352886 0.9992326061983964 -0.6969825311691275 -0.124443241784707
0.4724578520045173 0.4063491926883131 1.1406744841715295 -0.012445728191942 -0.8432740427115679 0.2953127812859788 0.9018250141474164 -0.549770660736492 0.3552342837596823
-0.7974378110696074 0.1360819019782706 -0.1451778939787364 -1.591134410912683 -0.8432740427115679 0.3972817685461599 -1.557122736407809 1.306325672301655 -1.0152729320814302
0.0817207249047865 0.0576172046753551 1.247023177101251 -0.0458979741175647 -0.8432740427115679 -0.6224081040556507 0.3126278719853913 0.8066231565553199 -0.7411714889132077
-1.3835435017192037 0.2189057491313481 -0.092003547513876 0.6501660661040497 -0.8432740427115679 -0.5204391167954696 1.1536592765231204 -0.0746034567289292 0.218183562175571
-0.4067006839698767 -0.7924170161062298 -0.9282909964612296 -0.7432486391824725 1.1858541225631425 1.7228786029285137 -0.2813208600327789 -0.6969825311691275 -0.9467475712893748
-0.1136478386450787 1.6487068999844756 0.5170844210836184 0.8290069193218028 1.1858541225631425 2.232723539229419 0.3886533096837172 0.2410842209766114 1.0404878916802387
-0.9928063746194729 -0.7313889182039622 0.5122503895868129 1.0670325153310427 1.1858541225631425 0.703188730326703 1.172665635947702 -0.6969825311691275 -0.124443241784707
0.2770892884546519 -0.7836987164059058 -0.657585232640121 -0.2311719515517838 -0.8432740427115679 -2.3558808874787287 -0.5450340970488464 -0.506424943331327 -0.8782222104973191
-0.8951220928445401 -0.7924170161062298 -1.774246508402194 -1.2077202076113132 -0.8432740427115679 -0.6224081040556507 -0.9251612855404758 -0.6969825311691275 -1.9061026223781532
-0.4067006839698767 -0.2235479606600922 -0.9766313114292846 -0.3109426918359615 1.1858541225631425 -0.2145321550149264 0.0584178146816143 -0.1502540012568115 0.5608103661358492
-1.188174938169338 -0.7924170161062298 -0.8461124610155358 -2.015720609199435 -0.8432740427115679 0.0913748067656167 4.878905723741084 -0.6969825311691275 -1.7690519007940422
-0.5043849657448094 0.2210853240564292 -0.6914234531177594 -0.3431083129182913 -0.8432740427115679 0.9071267048470651 -0.7350976912946611 -0.6761275161911707 0.3552342837596823
1.156247824429046 0.8204684284537007 1.8416090512083287 -0.0973629678492924 1.1858541225631425 1.1110646793674273 -0.0793782911466007 -0.4573543198537818 1.0404878916802387
-1.0904906563944057 -0.3761182054157613 1.363039933024583 0.1342295039434813 1.1858541225631425 -0.1125631677547454 0.9422135279246524 -0.549770660736492 -0.6726461281211521
-1.188174938169338 -0.7924170161062298 -1.3536857681801149 -1.851032629257907 -0.8432740427115679 0.0913748067656167 -1.395568681298866 0.8969948881264653 -1.837577261586098
-0.6020692475197421 0.0358214554245452 -0.4158836577998454 0.8212871702620433 -0.8432740427115679 0.3972817685461599 1.0657548641844317 -0.6969825311691275 -0.8782222104973191
-0.7974378110696074 -0.7924170161062298 0.4880802321027855 0.7067775592089497 1.1858541225631425 -0.7243770913158318 0.7046340351173842 -0.5289156457585352 -0.0559178809926514
-0.2113321204200114 -0.247523284835983 -0.5222323507295665 0.7067775592089497 -0.8432740427115679 -0.1125631677547454 0.2722393582081562 0.2705265950631385 0.423759644551738
0.6678264155543826 -0.596255272848941 2.1171488465262427 0.6205736947083064 -0.8432740427115679 0.2953127812859788 0.6167296227786948 -0.681852422263551 -0.0559178809926514
-0.2113321204200114 0.968679523359208 -1.5422129965555298 -1.017299730803921 1.1858541225631425 0.2953127812859788 -0.8063715391368417 2.028481681146195 -0.8096968497052635
0.8631949791042479 -0.1385445385819337 -1.411694146141781 0.2757582367057321 -0.8432740427115679 0.703188730326703 -0.5070213781996835 1.511195525320406 0.6978610877199605
0.6678264155543826 0.5131483640172815 1.5709032873872204 0.910064284449273 -0.8432740427115679 -0.8263460785760128 0.1249400726676497 3.4053215915536503 0.3552342837596823
-0.9928063746194729 -0.7924170161062298 -0.8461124610155358 -1.188420834961915 -0.8432740427115679 -0.4184701295352886 -0.5260277376242654 -0.5653096915043812 -1.0152729320814302
-0.6020692475197421 0.3191661956850735 -0.8606145555059524 0.1406626281599473 -0.8432740427115679 0.1933437940257977 -0.1245183947799819 -0.1923729530750377 -0.330019324160874
-1.7254384879314677 -0.7858782913309869 -0.2563606184052634 -0.8294525036831158 -0.8432740427115679 -0.5204391167954696 -0.7374734862227333 -0.5898450032431538 -1.7005265400019869
-0.8462799519570737 -0.6180510220997508 0.2657147832497319 -0.8307391285264092 1.1858541225631425 -0.6224081040556507 -0.8396326681298586 -0.6969825311691275 1.2460639740564057
0.1794050066797192 -0.7313889182039622 -1.421362209135392 -0.563121161121426 -0.8432740427115679 0.3972817685461599 -0.5687920463295736 -0.5771684255114546 -0.6726461281211521
-0.015963556870146 -0.5417658997219164 0.1690341533136216 0.3169302316911142 1.1858541225631425 0.8051577175868841 -0.0936330607150373 -0.6012948153879144 0.0811328405914598
0.6678264155543826 1.4089536582255673 -0.0146590435649878 -0.0973629678492924 1.1858541225631425 1.2130336666276085 0.0394114552570333 0.3061027970843588 0.9719625308881832
0.0817207249047865 -0.6943361444775854 -0.2128543349340139 -0.1385349628346745 -0.8432740427115679 -1.234222027616737 0.2817425379204467 -0.2847892939577479 -0.330019324160874
-0.4067006839698767 -0.7924170161062298 -1.411694146141781 -1.9243702453256184 -0.8432740427115679 0.3972817685461599 -0.9441676449650568 -0.6127446275326749 -1.7690519007940422
-0.1136478386450787 0.8117501287533767 -1.232834980759977 0.3478092279301504 1.1858541225631425 0.8051577175868841 -0.2480597310397612 1.826474281163634 0.7663864485120161
-0.6997535292946747 0.258138097782806 -0.725261673595398 -0.5541147872183736 1.1858541225631425 -0.5204391167954696 0.5810926988576041 -0.3526703231016854 -0.8782222104973191
-1.2858592199442709 -0.7030544441779093 -1.382689957160948 -1.9449562428183091 -0.8432740427115679 -1.4381600021370993 -0.9417918500369846 0.1609355359632876 -1.083798292873486
-0.9928063746194729 0.1796734004798904 1.2228530196172231 0.4790449619460555 1.1858541225631425 -0.5204391167954696 0.7046340351173842 -0.2426703421395216 -0.6726461281211521
-0.7974378110696074 -0.7924170161062298 -0.6624192641369264 -1.1974272088649671 -0.8432740427115679 1.4169716411479705 -1.184122932700398 -0.6969825311691275 -0.7411714889132077
-0.9928063746194729 -0.7924170161062298 -0.5173983192327611 -1.7082172716523627 -0.8432740427115679 -0.2145321550149264 -1.63789976396228 -0.6724472194303548 -1.9061026223781532
-0.4067006839698767 -0.4175301289923 -1.0056355004101178 -1.9333766192286703 -0.8432740427115679 1.5189406284081517 -1.9562562843240197 -0.2430792640018344 -1.1523236536655417
-0.4067006839698767 0.4281449419391229 -0.6624192641369264 -0.0780635951998943 -0.8432740427115679 0.4992507558063409 -0.0674993165062371 1.0695599140224996 -0.4670700457449852
-0.6020692475197421 -0.772800841780501 0.1400299643327887 -1.5615420395169397 1.1858541225631425 -0.3165011422751075 -1.9705110538924555 -0.5076517089182656 -1.5634758184178754
-0.5043849657448094 -0.7052340191029903 0.6911095549686169 0.1213632555105497 -0.8432740427115679 1.1110646793674273 0.4314176183890254 -0.2426703421395216 -0.6041207673290965
-0.1136478386450787 -0.7924170161062298 -0.299866901876513 -1.0275927295502665 -0.8432740427115679 -0.1125631677547454 -1.0415752370160367 -0.1711090162347682 -0.1929686025767627
-0.2113321204200114 -0.7924170161062298 0.5605907045548684 0.6990578101491907 -0.8432740427115679 -0.4184701295352886 0.7402709590384742 -0.6969825311691275 0.8349118093040717
0.0817207249047865 -0.6616425206013705 0.3962336336634806 1.0271471451889536 1.1858541225631425 0.4992507558063409 0.2722393582081562 -0.6969825311691275 0.8349118093040717
1.449300669753844 0.1883917001802143 0.937645161305698 0.3941277222887051 -0.8432740427115679 -1.030284053096375 -0.4262443506452124 0.2999689691496656 0.9034371700961276
-1.481227783494136 -0.7052340191029903 0.5654247360516738 -0.3199490657390135 1.1858541225631425 0.3972817685461599 -0.0770024962185285 2.247254877483584 -0.2614939633688183
-1.188174938169338 -0.1385445385819337 1.1116702951906965 -0.3559745613512228 1.1858541225631425 0.1933437940257977 -0.8206263087052775 -0.6969825311691275 0.1496582013835154
0.0817207249047865 0.981756972909694 0.0916896493647333 2.197975752585754 -0.8432740427115679 -0.0105941804945643 4.674587359926834 -0.4340457737019478 0.6978610877199605
0.4724578520045173 0.2537789479326439 0.6524373029941728 1.4337205956696004 1.1858541225631425 1.0090956921072465 -0.143524754204563 -0.6609974072855944 0.8349118093040717
0.4724578520045173 1.8666643924925743 -0.4593899412710949 1.1249306332792357 -0.8432740427115679 0.3972817685461599 0.0797999690342684 -0.1081350494385851 0.9719625308881832
-0.5043849657448094 -0.7924170161062298 -1.1168182248366445 -1.5769815376364578 1.1858541225631425 1.0090956921072465 -1.2577725754706508 -0.6969825311691275 -1.7690519007940422
-0.4067006839698767 -0.6703608203016945 -0.6962574846145652 0.701631059835777 -0.8432740427115679 -0.4184701295352886 0.3506405908345543 0.6659540359196902 0.1496582013835154
-0.6020692475197421 1.496136655228807 -0.1210077364947089 -1.0391723531399055 -0.8432740427115679 1.4169716411479705 -1.5856322755446806 -0.6969825311691275 0.423759644551738
0.0817207249047865 -0.7924170161062298 0.1642001218168162 0.2474524901532817 1.1858541225631425 -1.234222027616737 0.4242902336048071 -0.6458672983800179 -0.330019324160874
-0.6020692475197421 -0.596255272848941 0.4349058856379247 -0.981274235191712 1.1858541225631425 0.1933437940257977 -0.9750529790300014 -0.6969825311691275 -0.124443241784707
-0.7974378110696074 -0.6354876215003987 -0.3385391538509571 0.8971980360163418 -0.8432740427115679 -1.9480049384380045 0.5454557749365142 -0.6969825311691275 0.8349118093040717
-1.0904906563944057 -0.5679207988228882 -0.923456964964424 -1.8729052515938909 -0.8432740427115679 -0.8263460785760128 -1.0582058015125455 -0.6254212052643741 -1.4949504576258197
-0.8951220928445401 0.0140257061737354 -0.3482072168445683 1.8338609219337816 -0.8432740427115679 0.8051577175868841 1.0752580438967223 -0.6969825311691275 1.4516400564325724
0.2282471475671856 -0.6921565695525044 -1.1313203193270611 -0.3263821899554795 -0.8432740427115679 0.9071267048470651 0.7426467539665472 -0.0660160976203589 -0.9467475712893748
-0.9928063746194729 0.079412953926165 -0.3820454373222066 -0.8294525036831158 -0.8432740427115679 0.0913748067656167 -0.2124228071186714 -0.3563506198625012 0.423759644551738
2.7191963328279685 -0.421889278842462 0.7636200274206998 1.063172640801163 -0.8432740427115679 -0.6224081040556507 0.9778504518457424 -0.6892130157851828 0.9034371700961276
-0.2113321204200114 -0.1385445385819337 -0.1790161144563751 -0.3006496930896158 -0.8432740427115679 0.2953127812859788 -1.3076642689601774 -0.3023729340372015 1.3145893348484612
-0.015963556870146 -0.3216288322887365 0.0771875548743171 -0.0742037206700151 1.1858541225631425 -1.4381600021370993 0.0037745313359426 0.4598574173140003 -0.9467475712893748
-0.1136478386450787 -0.7924170161062298 0.125527869842372 0.2796181112356113 1.1858541225631425 -0.4184701295352886 0.3672711553310631 -0.6368710174091345 -0.2614939633688183
-0.7974378110696074 -0.0949530400803139 3.180635775823456 1.2806122393177113 1.1858541225631425 0.1933437940257977 0.2437298190712838 -0.6969825311691275 0.5608103661358492
1.2539321062039783 1.8230728939909548 -0.4013815633094287 -0.7483951385556451 -0.8432740427115679 -0.2145321550149264 -0.6186837398190993 0.1106381468988038 -0.2614939633688183
-0.1136478386450787 0.95124292395856 1.503226846431943 -0.2054394546859202 1.1858541225631425 -0.2145321550149264 -0.7968683594245504 -0.5833022534461478 0.4922850053437936
1.3516163879789114 -0.777159991630663 -0.3433731853477625 0.4996309594387465 -0.8432740427115679 -0.0105941804945643 0.5525831597207326 -0.6969825311691275 -1.083798292873486
-0.9928063746194729 -0.7924170161062298 -0.1935182089467918 0.6064208214320813 1.1858541225631425 -0.1125631677547454 1.457761027316424 -0.5370940830047928 0.218183562175571
-0.5043849657448094 -0.7008748692528284 -0.0678333900298486 0.1638218753392247 -0.8432740427115679 -1.234222027616737 1.1702898410196292 -0.2745662473999259 -0.8096968497052635
-0.9928063746194729 -0.4654807773440818 0.3092210667209815 0.0557453885025969 -0.8432740427115679 1.1110646793674273 0.6143538278506218 -0.5379119267294185 -0.9467475712893748
0.9608792608791806 -0.0077700430770744 -0.8557805240091468 0.605134196588788 -0.8432740427115679 1.0090956921072465 0.1415706371641585 3.71937358180994 1.4516400564325724
-1.481227783494136 -0.4654807773440818 -0.1983522404435972 -0.0536177231773241 -0.8432740427115679 1.3150026538877897 -0.8919001565474581 0.186288691426686 1.2460639740564057
1.5469849515287766 0.8640599269553203 0.3672294446826477 1.5984085756111284 1.1858541225631425 -1.132253040356556 2.7003017746984352 -0.4446777421220826 0.7663864485120161
-0.9928063746194729 -0.5744595235981311 0.4929142635995909 -0.4254523028890549 -0.8432740427115679 0.9071267048470651 -0.6091805601068088 -0.3817037753258996 -0.0559178809926514
-0.6997535292946747 -0.7924170161062298 -0.8219423035315083 -1.0391723531399055 -0.8432740427115679 -0.4184701295352886 -0.9512950297492752 -0.6969825311691275 -1.7005265400019869
-1.188174938169338 -0.7924170161062298 1.5805713503808312 -0.4846370456805416 -0.8432740427115679 1.3150026538877897 -0.1268941897080542 -0.5951609874532212 -1.837577261586098
1.449300669753844 1.1692004164666587 1.8319409882147173 -0.1192355901852764 1.1858541225631425 1.6209096156683327 0.032284070472815 -0.5076517089182656 0.7663864485120161
-0.2113321204200114 -0.3565020310900324 -0.5222323507295665 -1.378841311769307 -0.8432740427115679 -0.1125631677547454 -1.1912503174846154 -0.6127446275326749 -0.3985446849529296
1.742353515078642 -0.7924170161062298 1.7981027677370798 1.2471599933920887 1.1858541225631425 -1.8460359511778237 -0.183913267981799 -0.6969825311691275 1.2460639740564057
-1.0904906563944057 6.007856750146449 -0.7590998940730367 -1.340242566470511 -0.8432740427115679 -0.6224081040556507 -1.578504890760463 1.3091881253378452 1.1090132524722942
-0.5043849657448094 -0.7924170161062298 2.822917445059848 0.8238604199486297 1.1858541225631425 -0.7243770913158318 0.562086339433023 -0.0975030810184503 0.3552342837596823
0.0817207249047865 0.1883917001802143 -0.072667421526654 -0.9516818637959684 -0.8432740427115679 1.0090956921072465 -0.9821803638142198 0.2063258626800169 -0.7411714889132077
0.7655106973293153 -0.6398467713505608 0.5654247360516738 -0.0523310983340307 -0.8432740427115679 -4.089353670901807 -1.2934094993917409 -0.6969825311691275 -0.0559178809926514
0.5701421337794499 -0.0295657923278843 1.087500137706669 -0.0021527294455963 1.1858541225631425 -0.3165011422751075 -0.6400658941717534 0.2631660015415067 1.2460639740564057
-0.4067006839698767 -0.7924170161062298 -0.3965475318126233 0.0184332680470946 -0.8432740427115679 1.5189406284081517 0.4694303372381883 -0.6691758445318519 -1.083798292873486
-0.5043849657448094 -0.3565020310900324 0.6717734289813949 -0.527095665509217 -0.8432740427115679 1.3150026538877897 -0.7564798456473152 -0.2132279680529944 1.17753861326435
-0.8951220928445401 -0.4872765265948916 0.729781806943061 -0.6351721523458448 -0.8432740427115679 0.703188730326703 -0.046117162153583 -0.3489900263408695 -1.0152729320814302
-0.8951220928445401 -0.7924170161062298 0.1303619013391774 0.0930575089580993 -0.8432740427115679 1.1110646793674273 0.0394114552570333 -0.1964621716981665 -0.6726461281211521
-0.015963556870146 0.1883917001802143 -0.9137889019708132 0.605134196588788 -0.8432740427115679 0.1933437940257977 -0.30032721945736 0.3208239841276223 0.9034371700961276
0.7166685564418489 0.90765142545694 -0.3772114058254012 0.041592515226372 -0.8432740427115679 0.0913748067656167 -0.0318623925851472 0.408333262662578 0.1496582013835154
-0.7485956701821411 1.0820174194634191 3.108125303371373 1.270319240571366 1.1858541225631425 1.7228786029285137 1.685837340411401 -0.6969825311691275 1.1090132524722942
0.4724578520045173 0.0881312536264889 -0.3627093113349846 -0.6068664057933943 -0.8432740427115679 0.703188730326703 0.4124112589644443 -0.6254212052643741 -1.0152729320814302
-0.1136478386450787 0.070694654225841 -0.9572951854420628 0.6270068189247724 1.1858541225631425 -0.3165011422751075 1.9899390912047048 0.0599318359720071 -0.330019324160874
-0.2113321204200114 1.125608917965039 1.2905294605725006 0.1844078728319157 -0.8432740427115679 -1.8460359511778237 0.8067932170245095 0.5101548063784842 1.17753861326435
0.6678264155543826 1.8623052426424125 -0.3385391538509571 1.5984085756111284 1.1858541225631425 1.0090956921072465 2.025576015125795 -0.526462114584658 1.4516400564325724
0.9608792608791806 2.150009132753103 0.1448639958295941 0.6926246859327246 -0.8432740427115679 0.0913748067656167 -0.2979514245292878 0.1821994728035572 1.3145893348484612
-0.3090164021949441 -0.3565020310900324 -0.8026061775442863 1.284472113847591 -0.8432740427115679 -0.8263460785760128 1.2819522026390455 2.567031773812253 1.0404878916802387
-0.2113321204200114 -0.4654807773440818 -0.488394130251928 -0.4987899189567666 -0.8432740427115679 -1.234222027616737 -0.3193335788819419 -0.2426703421395216 -0.8782222104973191
0.1794050066797192 0.8291867281540247 0.3768975076762585 1.1017713860999585 -0.8432740427115679 -0.6224081040556507 0.7711562931034187 0.295470828664224 0.7663864485120161
-0.2113321204200114 0.5153279389423624 -0.6962574846145652 0.3915544726021188 -0.8432740427115679 1.2130336666276085 0.0109019161201609 1.6792624107309984 -0.1929686025767627
-0.7974378110696074 0.1186453025776227 2.083310626048605 0.4970577097521602 1.1858541225631425 -0.928315065836194 -0.4737602492066658 0.0938723505439758 0.6293357269279048
-1.0904906563944057 -0.2039317863343632 -0.50773025623915 -1.52937641843461 -0.8432740427115679 0.1933437940257977 -1.1674923682038891 0.0599318359720071 -0.7411714889132077
-0.5043849657448094 -0.6834382698521805 -0.5028962247423444 -1.6207267823084262 1.1858541225631425 1.3150026538877897 -1.1389828290670168 0.232496861868041 -1.0152729320814302
-0.8951220928445401 -0.7924170161062298 -0.5125642877359555 -1.694064398376138 -0.8432740427115679 -0.2145321550149264 -1.3124158588163226 -0.6761275161911707 -1.5634758184178754
-0.6997535292946747 -0.7924170161062298 -0.3820454373222066 1.4079880988037372 1.1858541225631425 0.601219743066522 1.6121876976411478 -0.3048264652110788 0.7663864485120161
1.0585635426541131 2.2589878790071523 0.5605907045548684 1.507058211737312 -0.8432740427115679 0.4992507558063409 1.8592703701607065 -0.553042035634995 0.7663864485120161
-0.4067006839698767 -0.1864951869337154 0.0723535233775112 -2.060752478714696 1.1858541225631425 1.0090956921072465 -1.6022628400411894 0.0174039622914678 -1.2208490144575972
-0.5043849657448094 -0.1821360370835534 0.3817315391730643 -1.4303063055010343 -0.8432740427115679 1.1110646793674273 -0.2551871158239796 -0.6761275161911707 -0.330019324160874
-0.4067006839698767 0.1883917001802143 0.5412545785676462 1.546943581879401 -0.8432740427115679 0.8051577175868841 1.227308919293374 0.6238350841014638 1.0404878916802387
-1.4323856426066697 -0.5308680250965114 0.6766074604782003 0.4957710849088673 -0.8432740427115679 -0.6224081040556507 -0.3145819890257966 -0.2692502631898585 -0.1929686025767627
0.2770892884546519 -0.7924170161062298 -0.4352197837870674 -0.8603314999221525 -0.8432740427115679 0.2953127812859788 -0.9370402601808384 -0.5007000372589467 -0.1929686025767627
-0.9928063746194729 -0.5635616489727261 -0.7639339255698421 -1.598854159972442 1.1858541225631425 -0.7243770913158318 -0.9394160551089116 -0.0283952862875741 -0.8096968497052635
-0.1136478386450787 -0.0382840920282082 0.7926242164015327 0.8804719130535301 1.1858541225631425 -1.030284053096375 0.6381117771313489 -0.5689899882651972 0.0126074797994041
-0.1136478386450787 -0.4654807773440818 0.6379352085037562 0.14580912753312 -0.8432740427115679 0.0913748067656167 0.7925384474560728 -0.1040458308154564 -0.6726461281211521
-0.6997535292946747 2.5859241177693004 0.1496980273263995 -0.1732738336035905 -0.8432740427115679 -0.7243770913158318 -0.6709512282366988 -0.6969825311691275 1.2460639740564057
0.4724578520045173 0.5153279389423624 0.8457985628663935 0.1368027536300676 -0.8432740427115679 -0.5204391167954696 -0.3193335788819419 -0.6969825311691275 0.8349118093040717
-0.5043849657448094 0.6461024344472216 -0.5609046027040107 -0.604293156106808 -0.8432740427115679 0.1933437940257977 -0.4500022999259395 -0.6969825311691275 0.6293357269279048
-0.7974378110696074 -0.7313889182039622 -0.2660286813988742 -0.6995033945105041 -0.8432740427115679 0.8051577175868841 -0.0983846505711826 -0.6969825311691275 -1.289374375249653
-1.481227783494136 -0.7924170161062298 -0.9669632484356736 -1.831733256608509 -0.8432740427115679 -0.0105941804945643 -0.8158747188491322 -0.6581349542494043 -1.5634758184178754
-0.6997535292946747 -0.1298262388816097 0.0288472399062617 -0.7574015124586975 1.1858541225631425 0.703188730326703 -1.0130656978791643 5.321938360214103 -0.124443241784707
-0.015963556870146 1.125608917965039 -0.7832700515570642 -0.3855669327469662 1.1858541225631425 1.0090956921072465 -0.6448174840278995 4.21130658217233 0.8349118093040717
-0.5532271066322757 -0.7924170161062298 -0.9331250279580352 -1.248892202596695 -0.8432740427115679 -1.132253040356556 -0.9536708246773472 -0.6548635793509011 -1.7690519007940422
1.742353515078642 1.267281288095303 0.1883702793008436 1.3037714864969887 -0.8432740427115679 0.1933437940257977 1.10851917288974 1.7479612835995617 0.6978610877199605
-0.7974378110696074 -0.7924170161062298 -0.8171082720347029 -0.2440381999847154 -0.8432740427115679 -0.7243770913158318 -0.0556203418658744 -0.6969825311691275 -0.330019324160874
0.2770892884546519 0.6787960583234365 0.3430592871986202 0.5665354512899923 -0.8432740427115679 -0.0105941804945643 -0.1007604454992548 0.3756195136775478 0.0126074797994041
-0.6020692475197421 -0.4000935295916521 0.7152797124526444 -0.7329556404361267 -0.8432740427115679 1.2130336666276085 -0.2931998346731425 -0.668766922669539 -0.8096968497052635
3.4029863052524973 5.179618278615674 -0.7832700515570642 0.1573887511227586 -0.8432740427115679 1.3150026538877897 0.3340100263380454 0.6553220674995555 1.3145893348484612
-0.015963556870146 -0.7924170161062298 -0.9959674374165068 -1.076484473595408 -0.8432740427115679 -1.132253040356556 -0.9227854906124028 -0.6969825311691275 -1.837577261586098
0.4724578520045173 -0.7924170161062298 -0.4352197837870674 -1.0481787270429574 -0.8432740427115679 1.7228786029285137 -1.435957195076102 -0.6969825311691275 -1.4949504576258197
-0.7974378110696074 -0.7924170161062298 -0.8026061775442863 -1.1716947119991037 -0.8432740427115679 -1.030284053096375 -0.929912875396621 -0.6969825311691275 -1.837577261586098
-0.3090164021949441 0.7332854314504612 -0.7445977995826201 -0.2762038210670451 -0.8432740427115679 2.436661513749781 -0.5711678412576459 0.2492626582228689 0.423759644551738
-1.3835435017192037 1.8579460927922504 0.1206938383455666 0.4057073458783438 -0.8432740427115679 -0.928315065836194 0.2603603835677926 0.186288691426686 0.8349118093040717
1.0585635426541131 -0.4611216274939198 1.6337456968456916 0.5009175842820399 1.1858541225631425 0.0913748067656167 -0.0413655722974377 -0.1711090162347682 0.0126074797994041
-0.6020692475197421 -0.6747199701518565 -0.1693480514627643 -0.5502549126884944 1.1858541225631425 -0.8263460785760128 -0.0128560331605662 -0.6969825311691275 -1.2208490144575972
1.156247824429046 0.3627576941866933 1.5515671613999982 1.0515930172115238 1.1858541225631425 0.4992507558063409 2.3795694594086245 -0.36043983848563 0.3552342837596823
2.7191963328279685 -0.2366254102105781 1.0391598227386136 1.09019176251032 1.1858541225631425 1.6209096156683327 0.7806594728157092 -0.6969825311691275 -0.124443241784707
-0.9928063746194729 -0.6289488967251557 -1.044307752384562 -0.6634778988982948 -0.8432740427115679 0.601219743066522 -0.3763526571556859 -0.6969825311691275 -0.7411714889132077
-0.6997535292946747 -0.7924170161062298 0.0240132084094563 1.1969816245036544 -0.8432740427115679 -0.4184701295352886 0.0109019161201609 -0.3183208866674037 0.2867089229676267
1.0585635426541131 -0.7924170161062298 -1.12165225633345 1.1648160034213246 -0.8432740427115679 -0.5204391167954696 0.8994492192193434 -0.6548635793509011 1.2460639740564057
-0.5043849657448094 -0.7924170161062298 -1.0781459728622007 0.5073507084985059 1.1858541225631425 -0.0105941804945643 -0.948919234821202 -0.6409602360322634 1.3145893348484612
-0.7974378110696074 0.079412953926165 0.2415446257657044 0.3195034813777005 1.1858541225631425 -0.8263460785760128 0.1130610980272861 -0.6969825311691275 1.2460639740564057
-0.3090164021949441 -0.3565020310900324 -0.9862993744228956 -0.493643419583594 1.1858541225631425 -0.3165011422751075 0.4527997727416795 -0.3183208866674037 -0.3985446849529296
-0.8951220928445401 -0.7924170161062298 -1.12165225633345 -1.125376217640549 -0.8432740427115679 -0.7243770913158318 -1.397944476226939 -0.6969825311691275 -1.7690519007940422
-0.5043849657448094 -0.7836987164059058 1.6820860118137473 0.3555289769899099 -0.8432740427115679 1.2130336666276085 0.0465388400412508 -0.2173171866761232 -1.289374375249653
-1.481227783494136 2.4769453715152507 0.0820215863711225 1.1892618754438948 -0.8432740427115679 -1.234222027616737 0.4551755676697525 -0.1081350494385851 0.9034371700961276
1.3516163879789114 -0.7924170161062298 -0.2080203034372084 1.1403701313987544 -0.8432740427115679 -0.8263460785760128 0.973098861989597 -0.1543432198799402 0.9034371700961276
0.6678264155543826 -0.7924170161062298 0.6379352085037562 2.012701775151535 1.1858541225631425 -0.2145321550149264 3.3964096886237325 -0.6969825311691275 0.5608103661358492
1.5469849515287766 0.1230044524277848 -0.0339951695522098 1.2921918629073503 1.1858541225631425 -0.3165011422751075 0.2603603835677926 -0.3731164162173292 1.17753861326435
0.8631949791042479 0.079412953926165 -1.3005114217152542 -0.7625480118318702 1.1858541225631425 -0.3165011422751075 -1.084339545721345 0.4385934804737308 -0.2614939633688183
-1.0904906563944057 0.95124292395856 0.961815318789726 0.4378729669606735 1.1858541225631425 -1.234222027616737 0.1653285864448848 0.9771435731397892 0.3552342837596823
-0.7974378110696074 0.1665959509294045 -0.7542658625762311 -1.777695013190195 1.1858541225631425 0.601219743066522 -0.9750529790300014 -0.6969825311691275 -0.6726461281211521
0.5701421337794499 3.566732834055744 0.8022922793951439 1.2394402443323294 -0.8432740427115679 -0.0105941804945643 0.6737487010524388 -0.3563506198625012 1.383114695640517
-0.4555428248573431 -0.3238084072138176 0.2077064052880657 0.2783314863923185 -0.8432740427115679 -0.1125631677547454 -0.1482763440607082 -0.6127446275326749 -0.2614939633688183
-0.2113321204200114 0.2537789479326439 0.8893048463376431 0.576828450036338 1.1858541225631425 0.1933437940257977 -0.3122061940977236 0.2705265950631385 1.383114695640517
-0.6020692475197421 -0.7924170161062298 0.5992629565293125 0.4700385880430032 1.1858541225631425 0.2953127812859788 -0.1554037288449266 -0.2259045457846936 1.4516400564325724
0.1794050066797192 -0.7924170161062298 -0.4932281617487334 0.0351593910099059 -0.8432740427115679 -0.5204391167954696 -0.3977348115083399 -0.4822985534548673 -0.1929686025767627
-0.5043849657448094 -0.6398467713505608 0.0771875548743171 1.5456569570361085 1.1858541225631425 1.926816577448876 2.3510599202717515 -0.5706256757144487 0.423759644551738
-1.774280628818934 -0.7052340191029903 -0.6430831381497043 -1.0533252264161306 1.1858541225631425 0.2953127812859788 -0.5830468158980093 -0.6127446275326749 -0.2614939633688183
-0.4067006839698767 -0.7924170161062298 0.0723535233775112 0.0737581363087016 -0.8432740427115679 1.926816577448876 1.0396211199756324 -0.0954584717068859 -1.3578997360417084
-0.015963556870146 -0.7815191414808249 -0.942793090951646 -1.9372364937585504 -0.8432740427115679 -0.7243770913158318 -1.0510784167283274 -0.6969825311691275 -1.7005265400019869
-0.015963556870146 -0.7924170161062298 -1.3440177051865037 -1.7481026417944516 1.1858541225631425 0.0913748067656167 -0.9584224145334926 -0.3645290571087587 -1.4949504576258197
-0.5043849657448094 -0.7924170161062298 -0.7977721460474808 -0.6223059039129127 -0.8432740427115679 0.0913748067656167 -0.0983846505711826 -0.6761275161911707 -1.7690519007940422
1.156247824429046 -0.1559811379825816 -0.5367344452199831 0.7621024274705567 -0.8432740427115679 0.9071267048470651 1.3175891265601356 0.0599318359720071 -0.0559178809926514
1.0585635426541131 -0.1385445385819337 2.1509870670038813 0.1368027536300676 1.1858541225631425 -1.4381600021370993 0.5240736205838601 -0.1081350494385851 0.7663864485120161
0.4724578520045173 -0.7924170161062298 -0.0388292010490152 -0.1308152137749151 -0.8432740427115679 -0.3165011422751075 -0.1862890629098712 -0.5321870206570382 -1.083798292873486
-0.6997535292946747 -0.757543817304934 -1.111984193339839 -1.1240895927972556 -0.8432740427115679 1.2130336666276085 -0.3478431180188143 2.366251139416631 -1.3578997360417084
-0.1136478386450787 -0.1058509147057189 -0.1790161144563751 -0.6673377734281745 1.1858541225631425 0.601219743066522 -0.2195501919028888 1.2314929714983984 -0.8096968497052635
-0.2113321204200114 -0.1930339117089583 0.372063476179453 0.0982040083312724 -0.8432740427115679 0.3972817685461599 0.9089523989316348 -0.3563506198625012 -0.6726461281211521
-0.5043849657448094 -0.6333080465753178 -0.3723773743285956 -0.2427515751414225 -0.8432740427115679 0.0913748067656167 -0.5307793274804107 0.0881474444715955 1.4516400564325724
-0.7974378110696074 -0.0949530400803139 -0.5560705712072053 -0.375273934000621 1.1858541225631425 -0.8263460785760128 -0.2575629107520518 0.7820878448165473 1.0404878916802387
0.6678264155543826 -0.1385445385819337 -0.0484972640426265 0.756955928097384 -0.8432740427115679 -1.234222027616737 0.7830352677437823 -0.5117409275413943 -0.1929686025767627
1.156247824429046 -0.7924170161062298 0.1690341533136216 -0.103796092065758 1.1858541225631425 1.1110646793674273 0.1582012016606674 -0.5411833016279215 -1.7005265400019869
-0.6997535292946747 0.079412953926165 0.9231430668152818 0.6990578101491907 1.1858541225631425 0.0913748067656167 0.55971054450495 0.6733146294413219 1.17753861326435
-0.1136478386450787 0.4717364404407426 0.5605907045548684 0.2757582367057321 -0.8432740427115679 1.2130336666276085 -0.0793782911466007 -0.1081350494385851 1.1090132524722942
-0.1136478386450787 1.125608917965039 -0.2321904609212359 0.8521661665010801 1.1858541225631425 -0.1125631677547454 1.2819522026390455 0.7076640658756037 1.17753861326435
-0.2113321204200114 -0.7815191414808249 1.590239413374442 0.3272232304374594 -0.8432740427115679 -0.5204391167954696 0.1985897154379025 -0.6969825311691275 1.17753861326435
-0.7974378110696074 -0.5744595235981311 0.550922641561257 1.2098478729365865 1.1858541225631425 1.6209096156683327 1.2415636888618098 -0.0451610826424022 -0.1929686025767627
-1.0904906563944057 -0.1385445385819337 -0.8171082720347029 0.6308666934546516 -0.8432740427115679 -1.234222027616737 -0.5735436361857189 -0.6618152510102201 0.0811328405914598
-0.3090164021949441 -0.7924170161062298 -1.817752791873444 -0.5168026667628713 -0.8432740427115679 0.9071267048470651 0.1677043813729579 -0.6969825311691275 0.6978610877199605
-0.2113321204200114 -0.7924170161062298 -1.1313203193270611 -0.5528281623750807 -0.8432740427115679 0.3972817685461599 -0.8538874376982952 -0.6409602360322634 -1.7005265400019869
1.0585635426541131 0.9011127006816972 1.6095755393616644 1.2085612480932926 -0.8432740427115679 1.1110646793674273 1.2130541497249374 -0.6969825311691275 1.3145893348484612
2.03540636040344 -0.6790791200020185 -0.2466925554116522 -1.1614017132527583 -0.8432740427115679 0.1933437940257977 -0.8277536934894958 -0.0930049405330087 0.1496582013835154
-0.6997535292946747 -0.6158714471746699 0.6862755234718115 -1.7751217635036087 -0.8432740427115679 -1.8460359511778237 -1.086715340649418 -0.2680234976029199 -1.1523236536655417
-1.188174938169338 -0.7924170161062298 0.1110257753519554 -2.0221537334159008 -0.8432740427115679 -2.763756836519453 -0.8182505137772045 -0.6969825311691275 -1.2208490144575972
3.4029863052524973 0.8204684284537007 1.2905294605725006 0.8521661665010801 -0.8432740427115679 -0.3165011422751075 0.3743985401152814 -0.3759788692535193 0.9719625308881832
-0.015963556870146 -0.7924170161062298 -0.7736019885634532 -1.7249433946151742 -0.8432740427115679 0.0913748067656167 -1.3694349370900665 -0.6969825311691275 -1.837577261586098
1.2539321062039783 -0.6834382698521805 1.068164011719447 1.831287672247196 1.1858541225631425 -0.6224081040556507 3.733772568410052 -0.5411833016279215 0.218183562175571
0.2770892884546519 -0.2693190340867929 1.638579728342498 1.312777860400041 -0.8432740427115679 -0.7243770913158318 0.3173794618415366 -0.1502540012568115 1.17753861326435
-0.1136478386450787 0.8422641777045106 1.2808613975788894 0.3388028540270981 1.1858541225631425 -0.3165011422751075 -0.2456839361116882 -0.6969825311691275 0.1496582013835154
-0.3090164021949441 0.7943135293527288 -0.5899087916848438 -1.682484774786499 -0.8432740427115679 0.703188730326703 -1.5594985313358811 -0.6127446275326749 0.9034371700961276
0.2282471475671856 0.3060887461345877 0.057851428887095 -0.2337452012383701 -0.8432740427115679 0.4992507558063409 -0.3217093738100141 0.0685191950805774 -0.0559178809926514
-1.2858592199442709 0.1796734004798904 1.1793467361459735 0.1084970070776177 1.1858541225631425 1.6209096156683327 0.2959973074888825 -0.6969825311691275 -0.7411714889132077
-0.2113321204200114 1.3871579089747574 -0.4593899412710949 1.1982682493469472 -0.8432740427115679 -1.132253040356556 0.5430799800084412 0.4807124322919571 0.6293357269279048
-0.015963556870146 -0.3565020310900324 0.1787022163072328 0.771108801373609 1.1858541225631425 -0.4184701295352886 0.286494127776592 -0.6127446275326749 1.4516400564325724
2.4261434875031704 -0.7924170161062298 0.352727350192231 0.9049177850761004 1.1858541225631425 1.8248475901886947 0.6998824452612381 -0.3939714311952859 0.4922850053437936
-1.3835435017192037 -0.2802169087121978 -0.667253295633732 0.1689683747123973 1.1858541225631425 0.0913748067656167 0.0085261211920878 3.792979517026257 1.0404878916802387
-0.1136478386450787 2.084621885000673 1.1793467361459735 1.35652310507201 -0.8432740427115679 -0.5204391167954696 0.7473983438226924 -0.6969825311691275 1.3145893348484612
-0.4067006839698767 -0.4109914042170571 0.3478933186954256 1.1493765053018068 -0.8432740427115679 -0.0105941804945643 0.8020416271683642 -0.6969825311691275 1.0404878916802387
-0.7974378110696074 -0.7924170161062298 -0.4738920357615115 -0.1050827169090514 -0.8432740427115679 0.2953127812859788 -0.400110606436413 -0.6969825311691275 -0.8782222104973191
-0.015963556870146 -0.7924170161062298 -0.725261673595398 0.2924843596685434 -0.8432740427115679 0.703188730326703 -0.0817540860746737 2.9285187000968365 -0.9467475712893748
-0.4067006839698767 3.130817849039547 -0.2950328703797075 0.2603187385862137 -0.8432740427115679 0.0913748067656167 0.3316342314099732 -0.6969825311691275 0.5608103661358492
-0.6020692475197421 0.4063491926883131 -0.4642239727679005 1.1249306332792357 -0.8432740427115679 0.1933437940257977 0.6666213162682213 -0.5669453789536327 1.2460639740564057
1.8400377968535744 0.4630181407404187 0.0723535233775112 0.08919763442822 1.1858541225631425 -0.7243770913158318 0.2983731024169556 0.0979615691671046 0.9719625308881832
-0.7974378110696074 -0.7924170161062298 0.3623954131858423 -0.7522550130855248 -0.8432740427115679 0.3972817685461599 -0.6947091775174251 -0.1236740802064745 -1.083798292873486
-0.6997535292946747 -0.7924170161062298 -0.7300957050922037 -2.0285868576323667 -0.8432740427115679 0.601219743066522 -0.7944925644964781 -0.6969825311691275 -1.837577261586098
0.0817207249047865 0.3409619449358835 -0.5609046027040107 0.4957710849088673 -0.8432740427115679 1.7228786029285137 0.2959973074888825 0.1278128651159446 0.1496582013835154
-0.5043849657448094 0.5153279389423624 -0.1790161144563751 -0.3122293166792545 1.1858541225631425 -0.3165011422751075 -0.0081044433044201 -0.6969825311691275 0.2867089229676267
2.5238277692781037 0.1186453025776227 0.1496980273263995 -0.0742037206700151 -0.8432740427115679 -0.8263460785760128 0.0109019161201609 2.690935098093055 -0.124443241784707
0.2770892884546519 -0.6267693218000747 2.79874728757582 1.3192109846165063 -0.8432740427115679 1.0090956921072465 1.973308526708196 -0.6969825311691275 0.8349118093040717
-0.6020692475197421 0.2101874494310242 1.2856954290756952 0.847019667127907 1.1858541225631425 0.3972817685461599 0.6238570075629132 -0.681852422263551 1.17753861326435
-0.5043849657448094 -0.7924170161062298 -1.0201375949005345 -0.1964330807828678 -0.8432740427115679 -0.8263460785760128 -1.0582058015125455 -0.4295476332165062 0.9719625308881832
-0.1136478386450787 -0.7052340191029903 -0.4013815633094287 -0.5541147872183736 1.1858541225631425 1.0090956921072465 -0.8895243616193851 -0.6969825311691275 0.9034371700961276
0.9608792608791806 0.079412953926165 -0.2708627128956801 0.4121404700948098 1.1858541225631425 -1.132253040356556 -0.2219259868309619 -0.6969825311691275 1.17753861326435
1.0585635426541131 -0.6616425206013705 1.0633299802226417 0.6591724400071021 -0.8432740427115679 -1.7440669639176425 -0.086505675930819 -0.638915626720699 1.4516400564325724
-0.6997535292946747 0.5153279389423624 0.2270425312752877 0.979542025987106 1.1858541225631425 1.1110646793674273 0.7901626525280007 -0.3857929939490284 1.0404878916802387
0.9608792608791806 0.5523807126687392 1.6337456968456916 0.6874781865595521 -0.8432740427115679 -0.7243770913158318 0.4266660285328801 3.090451757572736 0.3552342837596823
-0.5043849657448094 -0.7924170161062298 0.7732880904143107 -1.741669517577986 -0.8432740427115679 0.3972817685461599 -0.6899575876612799 -0.6969825311691275 -1.7690519007940422
1.3516163879789114 -0.1385445385819337 -0.4448878467806784 0.172828249242277 -0.8432740427115679 -0.8263460785760128 -1.2316388312618514 -0.6969825311691275 1.383114695640517
0.3747735702295846 0.8422641777045106 1.1938488306363904 0.0673250120922356 1.1858541225631425 0.1933437940257977 -0.8396326681298586 -0.6761275161911707 -0.0559178809926514
1.1074056835415795 1.1692004164666587 -0.0436632325458207 -1.3183699441345271 1.1858541225631425 0.4992507558063409 -0.5426583021207734 1.0695599140224996 0.218183562175571
1.2539321062039783 2.0453895363492154 0.7346158384398666 0.5112105830283852 1.1858541225631425 -0.6224081040556507 -0.7826135898561146 0.8172551249754546 0.7663864485120161
0.3747735702295846 0.3148070458349116 1.106836263693891 0.2577454888996274 1.1858541225631425 1.0090956921072465 2.4746012565315314 0.3040581877727944 -0.3985446849529296
0.1794050066797192 0.1840325503300525 -0.5657386342008163 -0.7278091410629541 1.1858541225631425 -0.2145321550149264 -0.5949257905383729 -0.5624472384681911 0.423759644551738
-0.015963556870146 1.8230728939909548 0.1883702793008436 0.3774015993258938 -0.8432740427115679 0.601219743066522 -0.3692252723714684 0.6446900990794208 1.0404878916802387
0.7655106973293153 -0.4000935295916521 1.155176578661946 1.1107777600030109 1.1858541225631425 -0.1125631677547454 2.2489007383646262 0.9125339188943548 0.0811328405914598
-0.9928063746194729 -0.7924170161062298 -1.1361543508238665 -1.7082172716523627 -0.8432740427115679 -0.4184701295352886 -1.8018296139992944 -0.6863505627489926 -1.7690519007940422
-0.6997535292946747 -0.6594629456762896 -0.9911334059197012 -1.062331600319183 1.1858541225631425 0.8051577175868841 -0.7802377949280416 -0.2246777801977549 -1.5634758184178754
-0.6997535292946747 -0.5657412238978071 -0.9186229334676188 -1.1562552138795852 1.1858541225631425 -0.7243770913158318 -1.395568681298866 -0.6969825311691275 1.2460639740564057
-0.1136478386450787 0.2973704464342637 -0.2660286813988742 -0.1822802075066428 1.1858541225631425 1.5189406284081517 0.4171628488205896 0.3604894047719714 -0.5355954065370409
-0.3090164021949441 1.3653621597239476 -0.0533312955394319 0.3156436068478208 1.1858541225631425 -0.7243770913158318 -0.6305627144594629 -0.6761275161911707 0.6293357269279048
-0.9928063746194729 -0.7662621170052579 -1.3440177051865037 -0.6557581498385358 -0.8432740427115679 -1.6420979766574613 -1.433581400148029 -0.5980234404894114 -1.7005265400019869
-0.9928063746194729 -0.7662621170052579 -0.2805307758892909 -2.063325728401283 -0.8432740427115679 0.3972817685461599 -1.5286131972709367 -0.6969825311691275 -1.7690519007940422
-0.2113321204200114 1.8230728939909548 0.10619174385515 0.5639622016034059 -0.8432740427115679 -0.0105941804945643 -0.2813208600327789 -0.36043983848563 0.9719625308881832
-1.188174938169338 -0.77062126685542 -0.3820454373222066 -1.2244463305741244 1.1858541225631425 0.3972817685461599 -1.362307552305849 0.003909540835143 -1.837577261586098
-0.1136478386450787 0.6896939329488414 1.4983928149351375 0.6861915617162586 1.1858541225631425 0.4992507558063409 0.0370356603289602 0.2705265950631385 0.1496582013835154
-0.4067006839698767 -0.7924170161062298 -0.2805307758892909 1.8042685505380387 1.1858541225631425 -0.7243770913158318 0.9422135279246524 -0.6969825311691275 0.8349118093040717
-0.1136478386450787 -0.3129105325884126 -0.2805307758892909 1.6228544476336997 -0.8432740427115679 1.2130336666276085 2.659913260921201 -0.5289156457585352 -0.124443241784707
-0.1136478386450787 -0.4959948262952156 -0.7639339255698421 -1.3428158161570976 1.1858541225631425 0.2953127812859788 -0.2528113208959066 -0.3984695716807275 -1.289374375249653
0.7655106973293153 0.1230044524277848 0.4107357281538972 -0.0497578486474444 -0.8432740427115679 0.4992507558063409 -0.243308141183616 -0.6340085643729445 0.0126074797994041
-1.481227783494136 -0.6180510220997508 -1.0974820988494225 -1.0134398562740417 -0.8432740427115679 -0.6224081040556507 -0.9180339007562576 -0.6969825311691275 0.8349118093040717
-0.1136478386450787 1.125608917965039 -0.0243271065585986 1.3719626031915275 1.1858541225631425 -1.5401289893972805 0.1225642777395766 -0.5833022534461478 1.383114695640517
1.742353515078642 -0.3521428812398704 0.8844708148408377 0.8354400435382684 1.1858541225631425 -0.3165011422751075 0.6428633669874941 -0.2132279680529944 1.4516400564325724
-0.6997535292946747 0.1339023270531897 1.6820860118137473 0.6900514362461383 -0.8432740427115679 0.2953127812859788 -0.0579961367939466 -0.6969825311691275 0.0126074797994041
-1.188174938169338 -0.7924170161062298 -1.0201375949005345 -2.0221537334159008 -0.8432740427115679 -0.8263460785760128 -1.9372499248994373 -0.6969825311691275 -1.837577261586098
-0.9928063746194729 -0.7662621170052579 -0.7155936106017872 -1.6914911486895514 -0.8432740427115679 0.1933437940257977 -0.8063715391368417 -0.6969825311691275 -1.837577261586098
-1.578912065269069 -0.5570229241974832 -0.1790161144563751 0.0866243847416332 -0.8432740427115679 1.4169716411479705 -0.4690086593505206 0.0284448525739155 -1.0152729320814302
0.3747735702295846 -0.0077700430770744 -0.5947428231816494 -0.3521146868213431 -0.8432740427115679 -0.2145321550149264 -0.8919001565474581 1.090414929000456 -0.0559178809926514
3.3053020234775645 -0.7924170161062298 -0.2756967443924855 1.006561147696262 -0.8432740427115679 1.6209096156683327 0.3126278719853913 -0.4446777421220826 0.4922850053437936
-0.2113321204200114 -0.1385445385819337 -0.7590998940730367 -0.9645481122289006 -0.8432740427115679 -1.8460359511778237 0.0774241741061962 -0.0786926753520581 -1.083798292873486
0.4724578520045173 2.4769453715152507 0.1158598068487612 1.4838989645580347 1.1858541225631425 1.926816577448876 1.3746082048338797 2.0129426503783057 -0.124443241784707
-0.6020692475197421 -0.7466459426795291 -0.3820454373222066 -1.324803068350993 -0.8432740427115679 0.8051577175868841 -0.9204096956843296 -0.5980234404894114 -1.7690519007940422
-0.2113321204200114 -0.7924170161062298 -0.50773025623915 -1.4779114247028824 -0.8432740427115679 -1.030284053096375 0.3839017198275719 -0.6969825311691275 -1.632001179209931
-0.2113321204200114 -0.7880578662560679 -0.9379590594548408 -0.8448920018026341 -0.8432740427115679 -0.8263460785760128 -0.2908240397450695 -0.6969825311691275 -1.7690519007940422
-0.7485956701821411 -0.7815191414808249 -0.0629993585330427 -1.5075037960986255 -0.8432740427115679 -0.2145321550149264 -0.6685754333086258 -0.5833022534461478 -1.837577261586098
-1.2858592199442709 -0.6616425206013705 0.2608807517529265 0.0390192655397856 -0.8432740427115679 0.1933437940257977 0.2318508444309202 0.4385934804737308 -0.330019324160874
-1.2858592199442709 -0.7924170161062298 -1.4648684926066415 -1.215439956671072 -0.8432740427115679 -1.132253040356556 -0.9536708246773472 -0.5538598793596207 -1.837577261586098
-1.8231227697064003 -0.6877974197023424 1.2180189881204178 -1.5962809102858555 -0.8432740427115679 -0.3165011422751075 -1.47872150378141 -0.4847520846287445 -1.837577261586098
0.5701421337794499 -0.753184667454772 -0.2901988388829021 -1.4161534322248093 -0.8432740427115679 -0.0105941804945643 -0.6210595347471723 -0.3817037753258996 0.0811328405914598
1.5469849515287766 -0.2257275355851731 1.1986828621331955 0.4224334688411555 1.1858541225631425 1.8248475901886947 0.4337934133170985 0.8426082804388528 0.9034371700961276
-0.2113321204200114 -0.7924170161062298 0.4300718541411192 0.4777583371027626 -0.8432740427115679 1.5189406284081517 1.4933979512375135 -0.6143803149819265 -0.6041207673290965
0.1794050066797192 -0.7924170161062298 -0.2660286813988742 -0.9478219892660892 -0.8432740427115679 0.2953127812859788 -0.5687920463295736 0.1527570987170301 -0.0559178809926514
-0.3090164021949441 -0.77062126685542 -0.7059255476081762 -1.8883447497134087 -0.8432740427115679 2.028785564709057 -1.3361738080970489 -0.6969825311691275 -1.7690519007940422
-0.1136478386450787 -0.7924170161062298 -1.1893286972887274 -0.9349557408331572 -0.8432740427115679 0.1933437940257977 -0.8206263087052775 -0.6969825311691275 -1.7690519007940422
-0.3090164021949441 1.8230728939909548 -0.1113396735010981 -0.4473249252250393 -0.8432740427115679 0.8051577175868841 0.0061503262640156 1.9528311366183129 0.218183562175571
1.3516163879789114 0.1012087031769748 -0.3578752798381792 1.1442300059286332 1.1858541225631425 -2.1519429129583667 0.8234237815210184 -0.36043983848563 0.6978610877199605
-0.015963556870146 -0.7924170161062298 -0.3772114058254012 -0.0909298436328264 1.1858541225631425 -0.0105941804945643 -0.5331551224084828 -0.6969825311691275 0.1496582013835154
-0.015963556870146 -0.2976535081128457 0.8071263108919493 0.4713252128862966 -0.8432740427115679 0.4992507558063409 0.992105221414178 -0.5771684255114546 -0.7411714889132077
1.5469849515287766 -0.7924170161062298 -0.7832700515570642 1.5109180862671918 -0.8432740427115679 -0.6224081040556507 2.227518584011973 -0.6969825311691275 0.6978610877199605
-0.5043849657448094 -0.7924170161062298 1.7739326102530515 0.4391595918039669 1.1858541225631425 0.703188730326703 0.1938381255817572 -0.6969825311691275 1.1090132524722942
-0.1136478386450787 -0.5308680250965114 -0.9476271224484516 -2.3528163181422497 -0.8432740427115679 -0.1125631677547454 -0.8396326681298586 -0.5575401761204366 -1.083798292873486
-0.5043849657448094 -0.7924170161062298 -0.7349297365890091 0.1470957523764134 1.1858541225631425 -1.4381600021370993 0.129691662523795 -0.0136740992443106 0.423759644551738
0.5701421337794499 2.346170876010392 0.1448639958295941 0.1432358778465337 1.1858541225631425 0.703188730326703 0.6642455213401482 -0.6969825311691275 0.1496582013835154
-0.3090164021949441 1.0384259209617994 -0.5657386342008163 -1.508790420941919 -0.8432740427115679 -1.132253040356556 -1.732931561085187 -0.0660160976203589 1.1090132524722942
0.1794050066797192 -0.2693190340867929 -1.0588098468749785 -0.1951464559395744 -0.8432740427115679 0.0913748067656167 0.0109019161201609 1.7213813625492247 -0.3985446849529296
-0.4067006839698767 -0.7815191414808249 -1.111984193339839 0.3658219757362552 1.1858541225631425 1.4169716411479705 1.1441560968108295 0.9517904176763908 -0.6041207673290965
1.742353515078642 -0.0295657923278843 0.2512126887593153 -0.4421784258518667 1.1858541225631425 -1.7440669639176425 -0.9512950297492752 -0.3563506198625012 1.1090132524722942
-1.188174938169338 1.2999749119715178 -1.0781459728622007 0.4854780861625215 -0.8432740427115679 -0.4184701295352886 -0.0888814708588912 0.9644669954080902 0.218183562175571
1.156247824429046 -0.4654807773440818 -1.102316130346228 -0.7741276354215088 1.1858541225631425 -0.4184701295352886 -0.4096137861487035 -0.6969825311691275 1.1090132524722942
1.742353515078642 -0.7924170161062298 -0.7107595791049816 1.285758738690884 -0.8432740427115679 0.4992507558063409 2.7715756225406167 0.3232775153014996 0.0811328405914598
2.5238277692781037 0.3300640703104786 0.6234331140133399 1.4388670950427738 -0.8432740427115679 -1.132253040356556 1.013487375766832 2.247254877483584 0.4922850053437936
0.7655106973293153 -0.4872765265948916 -1.460034461109836 -0.8423187521160479 -0.8432740427115679 0.4992507558063409 -0.8016199492806956 1.0695599140224996 1.1090132524722942
-0.6997535292946747 -0.7924170161062298 -1.1893286972887274 -0.0703438461401354 1.1858541225631425 -0.3165011422751075 -0.9037791311878216 -0.3592130728986914 -0.330019324160874
-1.188174938169338 -0.5308680250965114 -0.3675433428317902 -1.35182219006015 -0.8432740427115679 -0.4184701295352886 -0.5355309173365559 0.3588537173227199 -1.1523236536655417
1.449300669753844 1.6922983984860958 0.1642001218168162 0.1612486256526384 1.1858541225631425 0.2953127812859788 0.2366024342870654 -0.5902539251054667 1.1090132524722942
0.1794050066797192 0.0183848560238974 -0.2418585239148467 0.9216439080389122 -0.8432740427115679 -0.1125631677547454 -0.2528113208959066 -0.3857929939490284 0.5608103661358492
0.7655106973293153 -0.7924170161062298 0.0336812714030671 0.3478092279301504 1.1858541225631425 0.2953127812859788 -0.0888814708588912 2.4014184195755384 1.1090132524722942
0.3747735702295846 0.1578776512290806 -0.2080203034372084 -0.8963569955343614 1.1858541225631425 -0.6224081040556507 -0.3145819890257966 -0.2553469198712207 -0.330019324160874
1.3516163879789114 0.5153279389423624 -0.8316103665251193 0.5009175842820399 -0.8432740427115679 -1.8460359511778237 -0.3953590165802678 0.8593740767936809 1.2460639740564057
0.0817207249047865 1.0820174194634191 -0.4062155948062343 0.868892289463891 1.1858541225631425 -0.1125631677547454 0.5858442887137502 -0.2426703421395216 1.4516400564325724
-0.1136478386450787 -0.421889278842462 -0.5850747601880384 -0.6789173970178131 -0.8432740427115679 0.2953127812859788 -1.5690017110481718 -0.1081350494385851 0.8349118093040717
0.8631949791042479 -0.7924170161062298 -0.6140789491688712 -0.5541147872183736 -0.8432740427115679 2.028785564709057 0.55971054450495 -0.6969825311691275 -0.4670700457449852
-0.3090164021949441 -0.7924170161062298 0.9134750038216704 0.5369430798942488 1.1858541225631425 -1.6420979766574613 0.7996658322402912 -0.5918896125547182 1.3145893348484612
-0.5043849657448094 -0.7924170161062298 -0.8509464925123414 -1.6490325288608765 -0.8432740427115679 1.2130336666276085 -1.260148370398724 -0.6127446275326749 -1.632001179209931
-1.578912065269069 0.4281449419391229 -0.7445977995826201 -1.6863446493163785 -0.8432740427115679 -0.4184701295352886 -1.3670591421619944 -0.6969825311691275 -0.2614939633688183
0.2770892884546519 -0.7052340191029903 -0.0484972640426265 0.6025609469022016 -0.8432740427115679 -2.3558808874787287 0.3197552567696096 -0.6667223133579747 0.8349118093040717
0.7655106973293153 -0.7248501934287193 -1.1651585398046995 -1.1485354648198265 -0.8432740427115679 -2.0499739256981857 -0.4856392238470294 -0.2132279680529944 -1.7690519007940422
-0.6020692475197421 -0.1167487893311238 -1.3198475477024765 0.9731089017706396 1.1858541225631425 0.2953127812859788 0.6143538278506218 0.3964745286555045 0.1496582013835154
-0.2113321204200114 0.602510935945602 1.812604862227496 1.523784334700124 1.1858541225631425 0.2953127812859788 0.6880034706208754 -0.2680234976029199 0.5608103661358492
0.6678264155543826 3.44685621317629 -0.251526586908458 0.5665354512899923 -0.8432740427115679 -2.5598188619990907 -0.497518198487393 -0.6969825311691275 1.1090132524722942
0.3747735702295846 -0.4981744012202965 0.7974582478983381 1.1326503823389948 -0.8432740427115679 -0.2145321550149264 0.091678943674632 -0.6969825311691275 1.1090132524722942
1.156247824429046 0.7202079818999754 -0.092003547513876 1.023287270659074 1.1858541225631425 -0.1125631677547454 0.248481408927429 0.614020959405955 0.0126074797994041
-0.4067006839698767 0.7943135293527288 -0.5705726656976217 -0.2723439465371658 1.1858541225631425 -3.37557076008054 0.1795833560133215 1.4240951686477634 1.0404878916802387
-0.015963556870146 0.5153279389423624 1.208350925126807 1.4980518378342598 -0.8432740427115679 -1.5401289893972805 0.6286085974190584 -0.6969825311691275 1.1090132524722942
0.4724578520045173 -0.7924170161062298 0.2802168777401486 0.1676817498691044 1.1858541225631425 -0.1125631677547454 1.464888412100642 0.6434633334924821 -1.083798292873486
-0.6997535292946747 0.1230044524277848 -0.8702826184995635 0.2809047360789047 -0.8432740427115679 -0.3165011422751075 1.013487375766832 2.781306829664201 -0.8782222104973191
-0.9928063746194729 -0.4393258782431098 2.0639745000613825 -0.4769172966207826 -0.8432740427115679 0.601219743066522 -0.0366139824412925 0.169522895071858 -0.1929686025767627
-1.0904906563944057 0.1404410518284327 1.1020022321970853 -0.6969301448239178 1.1858541225631425 1.5189406284081517 -0.6495690738840447 -0.6969825311691275 0.6293357269279048
1.156247824429046 0.580715186694792 0.4784121691091746 -0.3598344358811026 1.1858541225631425 -0.7243770913158318 -1.3337980131689766 1.8604147957356028 0.6978610877199605
-0.015963556870146 -0.602793997624184 -1.3875239886577533 -1.2244463305741244 -0.8432740427115679 -0.928315065836194 0.1700801763010309 1.060972554913929 -0.8096968497052635
-0.0648056977576124 -0.5308680250965114 -0.7736019885634532 -0.1977197056261607 -0.8432740427115679 1.3150026538877897 -0.4547538897820848 1.1431658492388173 -0.3985446849529296
2.914564896377834 -0.6790791200020185 3.45617557114137 0.2924843596685434 1.1858541225631425 -0.5204391167954696 0.55971054450495 2.533091259240285 -1.1523236536655417
0.7655106973293153 0.1883917001802143 0.0046770824222342 -0.2427515751414225 1.1858541225631425 -1.030284053096375 -0.0674993165062371 -0.6969825311691275 0.6978610877199605
-0.5043849657448094 0.3845534434375033 -1.1506564453142831 -1.598854159972442 -0.8432740427115679 -0.2145321550149264 -1.8255875632800216 -0.423413805281813 1.2460639740564057
-0.4067006839698767 -0.7749804167055819 0.4107357281538972 0.0017071450842833 1.1858541225631425 -0.3165011422751075 -0.2528113208959066 -0.4405885234989539 0.0126074797994041
1.156247824429046 0.4281449419391229 -0.2418585239148467 -0.3701274346274478 -0.8432740427115679 -2.4578498747389097 -0.7446008710069516 -0.4655327571000393 1.17753861326435
-0.8951220928445401 1.496136655228807 -0.9862993744228956 0.5742552003497516 1.1858541225631425 0.0913748067656167 -0.3668494774433953 -0.0238971458021325 0.423759644551738
-0.1136478386450787 0.077233379001084 -1.044307752384562 -1.1614017132527583 1.1858541225631425 -0.0105941804945643 -0.8633906174105856 0.4345042618506021 -0.4670700457449852
1.8400377968535744 -0.5308680250965114 1.71109020079458 1.383542226781166 1.1858541225631425 -1.132253040356556 0.4195386437486618 -0.2226331708861906 1.0404878916802387
-0.2113321204200114 1.777301820564254 -0.3530412483413737 0.1496690020629997 1.1858541225631425 -1.5401289893972805 -1.010689902951092 0.8929056695033368 1.2460639740564057
-0.7974378110696074 -0.421889278842462 0.2608807517529265 0.8778986633669433 1.1858541225631425 -0.2145321550149264 -0.4666328644224484 -0.6969825311691275 0.7663864485120161
-0.2113321204200114 -0.596255272848941 -0.7542658625762311 -0.2247388273353178 1.1858541225631425 -0.1125631677547454 -0.6614480485244074 0.4218276841189028 1.0404878916802387
-0.2113321204200114 -0.7924170161062298 -1.1168182248366445 -0.4074395550829506 -0.8432740427115679 -0.1125631677547454 0.1059337132430678 1.0065859472263163 -1.289374375249653
-0.1136478386450787 0.6461024344472216 0.6476032714973674 0.9435165303748966 -0.8432740427115679 1.1110646793674273 1.7190984694044191 -0.585755784620025 0.423759644551738
-0.3090164021949441 0.0903108285515699 0.1980383422944549 0.1419492530032407 1.1858541225631425 -2.253911900218548 0.1486980219483769 -0.0304398955991386 0.4922850053437936
0.6678264155543826 -0.426248428692624 -0.5609046027040107 0.0029937699275762 -0.8432740427115679 -0.3165011422751075 0.2342266393589932 -0.6969825311691275 -0.7411714889132077
-0.3090164021949441 1.8884601417433848 0.5895948935357013 0.9499496545913622 1.1858541225631425 0.3972817685461599 0.9683472721334516 0.1821994728035572 1.3145893348484612
-0.6997535292946747 -0.7052340191029903 -0.5173983192327611 0.0454523897562517 -0.8432740427115679 -1.030284053096375 0.4836851068066241 0.1441697396084597 -0.6041207673290965
0.0817207249047865 0.1230044524277848 -0.88478471298998 0.4404462166472598 1.1858541225631425 -1.030284053096375 -0.3193335788819419 1.2462141585416622 0.3552342837596823
1.3516163879789114 -0.6616425206013705 -1.12165225633345 1.1094911351597176 1.1858541225631425 -0.0105941804945643 0.2175960748624844 1.511195525320406 1.17753861326435
0.8631949791042479 -0.1341853887317717 0.2947189722305648 0.0403058903830786 1.1858541225631425 -0.0105941804945643 -0.1957922426221625 0.4524968237923686 0.6293357269279048
-0.3090164021949441 -0.6354876215003987 -0.1790161144563751 -0.7548282627721111 -0.8432740427115679 -0.5204391167954696 0.0156535059763061 1.321864703069544 -1.0152729320814302
0.5701421337794499 -0.7924170161062298 0.1206938383455666 0.2989174838850095 -0.8432740427115679 0.3972817685461599 1.1584108663792665 -0.3563506198625012 -1.289374375249653
-0.2113321204200114 -0.7662621170052579 -0.6479171696465099 -0.5438217884720283 1.1858541225631425 -2.0499739256981857 0.0536662248254691 -0.1159045648225298 -0.8782222104973191
-0.6020692475197421 -0.0513615415786942 0.0626854603839004 -1.3183699441345271 1.1858541225631425 1.2130336666276085 -0.9584224145334926 -0.2426703421395216 -0.330019324160874
0.4724578520045173 -0.6834382698521805 0.5944289250325067 0.9615292781810012 -0.8432740427115679 0.0913748067656167 0.7664047032472735 -0.4340457737019478 -0.0559178809926514
0.4724578520045173 0.9948344224601796 1.454886531463888 1.1648160034213246 1.1858541225631425 -0.7243770913158318 0.1154368929553592 -0.44999372633215 1.4516400564325724
-0.3090164021949441 0.5153279389423624 0.5944289250325067 0.041592515226372 1.1858541225631425 1.3150026538877897 -0.4428749151417212 5.244243206374657 -0.124443241784707
-0.5043849657448094 -0.4436850280932718 0.3237231612113981 0.5009175842820399 -0.8432740427115679 1.5189406284081517 0.7925384474560728 0.2832031727948377 -0.7411714889132077
-0.5043849657448094 0.3322436452355595 0.0771875548743171 0.7646756771571435 1.1858541225631425 0.3972817685461599 0.0893031487465598 -0.6969825311691275 1.4516400564325724
0.0817207249047865 -0.7924170161062298 -1.1313203193270611 0.3195034813777005 1.1858541225631425 1.7228786029285137 1.1156465576739574 5.191492286136296 -0.9467475712893748
-0.6020692475197421 -0.7924170161062298 0.2657147832497319 0.2873378602953708 -0.8432740427115679 -2.865725823779634 0.3743985401152814 -0.6127446275326749 0.1496582013835154
-1.188174938169338 -0.0077700430770744 -0.2805307758892909 -0.3636943104109822 -0.8432740427115679 0.703188730326703 -0.3692252723714684 1.9736861515962696 -0.8096968497052635
-0.9928063746194729 -0.5199701504711064 -0.0243271065585986 0.7942680485528864 1.1858541225631425 -0.1125631677547454 0.2651119734239379 -0.5289156457585352 0.6978610877199605
-0.6020692475197421 -0.583177823298455 0.1206938383455666 0.5575290773869399 -0.8432740427115679 1.3150026538877897 1.735729033900928 1.687849769839569 -0.330019324160874
0.7655106973293153 0.1883917001802143 -0.0291611380554044 1.8737462920758703 -0.8432740427115679 0.8051577175868841 1.6929647251956197 -0.6340085643729445 1.4516400564325724
-1.2858592199442709 -0.4785582268945677 -0.9814653429260902 -0.3199490657390135 -0.8432740427115679 0.601219743066522 -0.2931998346731425 -0.6969825311691275 0.6293357269279048
0.0817207249047865 0.95124292395856 -0.1548459569723476 0.9962681489499168 1.1858541225631425 -0.6224081040556507 1.5979329280727128 2.037069040254765 0.0811328405914598
0.0817207249047865 -0.426248428692624 3.2241420592947057 0.5317965805210763 1.1858541225631425 2.130754551969238 1.1180223526020303 -0.6127446275326749 -0.330019324160874
-0.5043849657448094 -0.2257275355851731 0.0965236808615391 -0.520662541292751 -0.8432740427115679 0.8051577175868841 -1.1271038544266532 -0.6969825311691275 -0.8096968497052635
-0.6020692475197421 3.479549837052505 0.6234331140133399 1.2330071201158637 -0.8432740427115679 -0.4184701295352886 0.2247234596467019 1.5884817572975398 0.0811328405914598
1.0585635426541131 0.1230044524277848 0.976317413280142 1.61899457310382 1.1858541225631425 0.8051577175868841 1.6311940570657288 -0.5706256757144487 0.7663864485120161
0.2770892884546519 -0.7924170161062298 -0.2756967443924855 0.5433762041107149 1.1858541225631425 -0.1125631677547454 -1.0011867232388016 -0.6969825311691275 1.1090132524722942
0.4724578520045173 0.1883917001802143 2.7794111615885986 1.0117076470694355 -0.8432740427115679 -0.3165011422751075 -0.0294865976570742 -0.6127446275326749 0.6978610877199605
0.3747735702295846 -0.7924170161062298 0.0868556178679279 -0.8847773719447228 -0.8432740427115679 0.3972817685461599 -0.4381233252855759 0.7330172213390019 -1.1523236536655417
1.2539321062039783 0.4281449419391229 -0.7590998940730367 0.7170705579552954 1.1858541225631425 -0.928315065836194 -0.0128560331605662 1.0695599140224996 0.6978610877199605
-0.4067006839698767 -0.6747199701518565 -0.5367344452199831 -0.4344586767921072 1.1858541225631425 1.6209096156683327 -0.4048621962925582 -0.1711090162347682 -0.2614939633688183
0.7655106973293153 -0.2693190340867929 0.4300718541411192 2.156803757600372 1.1858541225631425 0.601219743066522 2.144365761529429 -0.1711090162347682 0.4922850053437936
1.9377220786285072 -0.585357398223536 0.0046770824222342 -0.5592612865915467 -0.8432740427115679 -0.4184701295352886 -0.5474098919769195 0.3126455468813648 1.2460639740564057
2.03540636040344 -0.0143087678523174 -0.5657386342008163 1.3758224777214074 -0.8432740427115679 -1.7440669639176425 0.1558254067325943 0.1188165841450613 1.4516400564325724
-0.2113321204200114 1.932051640245004 -0.9717972799324792 1.793975551791693 -0.8432740427115679 -0.5204391167954696 2.265531302861135 -0.6969825311691275 0.3552342837596823
0.1794050066797192 -0.7924170161062298 -0.5802407286912327 -1.1279494673271353 -0.8432740427115679 0.4992507558063409 -0.0176076230167114 -0.3551238542755626 -1.083798292873486
1.156247824429046 0.7332854314504612 1.416214279489444 1.1493765053018068 1.1858541225631425 -2.0499739256981857 1.1227739424581755 -0.6969825311691275 1.3145893348484612
3.891407714127161 1.6487068999844756 -0.9524611539452572 0.6926246859327246 -0.8432740427115679 -1.5401289893972805 -0.2813208600327789 3.02134396284186 0.3552342837596823
-0.6020692475197421 1.114711043339634 0.6379352085037562 0.9409432806883098 1.1858541225631425 -2.0499739256981857 0.2270992545747749 1.8559166552501607 0.8349118093040717
-0.6020692475197421 -0.7924170161062298 -0.5657386342008163 0.0776180108385814 -0.8432740427115679 0.8051577175868841 0.0607936096096874 -0.3710718069057648 0.2867089229676267
-0.2113321204200114 0.5371236881931722 0.014345145415845 0.0866243847416332 -0.8432740427115679 -0.6224081040556507 -0.5284035325523376 -0.6548635793509011 0.423759644551738
-0.3090164021949441 -0.7924170161062298 -0.2756967443924855 1.436293845356187 -0.8432740427115679 0.3972817685461599 1.0847612236090127 0.0390768209940503 0.423759644551738
1.9377220786285072 0.4063491926883131 -0.4593899412710949 -0.1912865814096947 1.1858541225631425 -0.8263460785760128 -1.1366070341389438 -0.4446777421220826 1.3145893348484612
3.4029863052524973 0.3060887461345877 0.2173744682816769 -0.604293156106808 1.1858541225631425 -0.1125631677547454 -0.2195501919028888 0.295470828664224 1.0404878916802387
1.0585635426541131 -0.5417658997219164 2.634390216684433 1.840294046150248 -0.8432740427115679 -2.253911900218548 1.3318438961285717 0.1421251302968952 0.9719625308881832
-1.0904906563944057 -0.2736781839369549 0.4494079801283413 0.4636054638265376 1.1858541225631425 0.0913748067656167 0.288869922704665 -0.0521127543017211 0.5608103661358492
2.03540636040344 4.658699871521319 -0.5028962247423444 1.6344340712233378 1.1858541225631425 0.3972817685461599 1.068130659112504 -0.6969825311691275 1.2460639740564057
3.0122491781527665 3.3923668400492653 -0.1500119254755423 1.9548036572033416 1.1858541225631425 0.1933437940257977 1.424499898323406 0.7751361731572283 1.17753861326435
-1.2858592199442709 0.1230044524277848 -0.5609046027040107 0.2230066181307114 -0.8432740427115679 -0.1125631677547454 0.1867107407975389 -0.6127446275326749 -0.1929686025767627
-0.8951220928445401 -0.7924170161062298 -0.7929381145506752 0.201133995794727 -0.8432740427115679 -1.234222027616737 -0.2955756296012147 -0.6969825311691275 -1.837577261586098
1.9377220786285072 3.566732834055744 2.4361949253154065 1.047733142681644 -0.8432740427115679 -1.6420979766574613 0.2959973074888825 -0.5792130348230191 1.3145893348484612
1.3516163879789114 -0.6180510220997508 0.4300718541411192 1.3899753509976325 -0.8432740427115679 -0.3165011422751075 2.0612129390468845 0.4807124322919571 1.17753861326435
1.2539321062039783 0.9948344224601796 4.553500720916221 1.4723193409683966 -0.8432740427115679 -0.1125631677547454 0.5834684937856771 -0.0009975215126115 0.8349118093040717
3.793723432352228 -0.591896122998779 -1.0056355004101178 -0.7149428926300221 1.1858541225631425 -0.4184701295352886 -1.2981610892478868 -0.6761275161911707 1.383114695640517
0.3747735702295846 0.602510935945602 0.4252378226443138 0.9834019005169848 1.1858541225631425 0.3972817685461599 1.1845446105880657 -0.6667223133579747 0.218183562175571
-0.2113321204200114 -0.5526637743473212 -0.5802407286912327 -0.6428919014056037 1.1858541225631425 0.4992507558063409 -0.3573462977311048 0.9350246213215628 -0.2614939633688183
0.9608792608791806 2.6949028640233497 0.3962336336634806 0.5073507084985059 -0.8432740427115679 -1.7440669639176425 -0.0294865976570742 1.687849769839569 1.17753861326435
1.8400377968535744 -0.7924170161062298 -0.7736019885634532 0.7247903070150543 1.1858541225631425 -0.8263460785760128 0.9826020417018876 -0.5076517089182656 0.1496582013835154
-0.3090164021949441 -0.1821360370835534 0.0240132084094563 -0.6351721523458448 1.1858541225631425 -0.3165011422751075 -0.9251612855404758 -0.2173171866761232 0.3552342837596823
-0.6020692475197421 -0.7924170161062298 -0.092003547513876 0.4854780861625215 -0.8432740427115679 -0.5204391167954696 -0.262314500608197 0.7751361731572283 -0.124443241784707
-0.8951220928445401 0.4063491926883131 -0.5947428231816494 -0.2800636955969248 -0.8432740427115679 -0.7243770913158318 -0.8657664123386588 2.9959908073784614 0.0126074797994041
1.742353515078642 -0.7924170161062298 -0.4255517207934564 -0.4730574220909029 -0.8432740427115679 -1.132253040356556 -0.6353143043156081 -0.6969825311691275 1.383114695640517
0.5701421337794499 2.215396380505533 0.173868184810427 0.5202169569314375 1.1858541225631425 -0.1125631677547454 0.445672387957462 2.482793870175801 0.8349118093040717
1.8400377968535744 0.5153279389423624 -0.3675433428317902 -1.055898476102717 1.1858541225631425 -0.1125631677547454 -1.181747137772325 -0.5289156457585352 1.2460639740564057
0.1794050066797192 -0.3129105325884126 -0.7010915161113705 -0.3482548122914639 -0.8432740427115679 -0.928315065836194 -0.5664162514015005 -0.4655327571000393 -0.0559178809926514
-0.3090164021949441 -0.7924170161062298 -0.6962574846145652 -0.4884969202104213 -0.8432740427115679 -1.132253040356556 -0.2670660904643423 0.6365116618331631 -0.6726461281211521
0.1794050066797192 -0.5047131259955395 1.3968781535022217 0.5884080736259767 1.1858541225631425 0.3972817685461599 1.2154299446530104 2.2852846106786817 -0.6726461281211521
0.3747735702295846 -0.5395863247968353 -1.1893286972887274 1.173822377324377 -0.8432740427115679 -0.3165011422751075 0.6333601872752036 1.1431658492388173 0.423759644551738
-0.3090164021949441 0.7768769299520809 -0.5270663822263721 -1.0610449754758895 1.1858541225631425 0.2953127812859788 -0.6638238434524805 -0.6969825311691275 -0.6041207673290965
-0.8951220928445401 -0.7924170161062298 -0.5657386342008163 -0.2813503204402182 -0.8432740427115679 0.4992507558063409 0.2746151531362284 -0.6969825311691275 -0.7411714889132077
-0.9928063746194729 -0.7924170161062298 -0.4110496263030397 -1.215439956671072 -0.8432740427115679 1.2130336666276085 -1.3931928863707936 -0.6969825311691275 -1.837577261586098
-1.481227783494136 -0.7924170161062298 -1.600221374517196 0.109783631920911 -0.8432740427115679 -1.132253040356556 -1.5832564806166085 -0.6969825311691275 -1.837577261586098
-0.1136478386450787 -0.7924170161062298 -0.3578752798381792 -0.8165862552501842 -0.8432740427115679 -1.3361910148769185 -0.9750529790300014 -0.6127446275326749 -1.837577261586098
-0.8951220928445401 -0.7924170161062298 -1.102316130346228 -1.5461025413974212 -0.8432740427115679 -0.6224081040556507 -0.9584224145334926 -0.6761275161911707 -1.7005265400019869
-0.3090164021949441 -0.7924170161062298 -0.5754066971944273 -2.154676092275099 1.1858541225631425 0.8051577175868841 -1.792326434287004 -0.5387297704540442 -1.837577261586098
-0.1136478386450787 -0.7924170161062298 -1.4358643036258083 -0.6480384007787764 -0.8432740427115679 -0.8263460785760128 -1.0772121609371266 -0.6127446275326749 -1.837577261586098
-0.015963556870146 -0.7924170161062298 -1.392358020154559 -0.907936619124 1.1858541225631425 0.601219743066522 -0.1577795237729996 -0.4307743988034448 -1.7690519007940422
-0.015963556870146 -0.7793395665557439 -0.2853648073860963 -0.610726280323274 -0.8432740427115679 -0.4184701295352886 -0.8206263087052775 -0.5951609874532212 -1.837577261586098
-0.4067006839698767 -0.5265088752463494 -0.6962574846145652 -1.5126502954717984 -0.8432740427115679 -0.3165011422751075 -1.103345905145927 -0.5411833016279215 -0.8096968497052635
-0.4067006839698767 0.079412953926165 -1.1313203193270611 -1.0275927295502665 -0.8432740427115679 0.703188730326703 -0.948919234821202 -0.6969825311691275 -0.1929686025767627
-1.3835435017192037 -0.7924170161062298 1.1600106101587515 0.3696818502661348 -0.8432740427115679 0.3972817685461599 0.7022582401893112 -0.6969825311691275 -0.7411714889132077
-0.8951220928445401 -0.7924170161062298 -0.3675433428317902 -1.571835038263285 1.1858541225631425 -0.6224081040556507 -0.986931953670365 -0.6969825311691275 -1.837577261586098
1.3516163879789114 0.5153279389423624 1.962459838628467 1.606128324670888 -0.8432740427115679 -1.4381600021370993 0.6309843923471306 1.0695599140224996 0.6293357269279048
-0.2113321204200114 -0.6681812453766136 0.0046770824222342 -0.3006496930896158 -0.8432740427115679 1.4169716411479705 0.0679209943939049 -0.6969825311691275 -0.3985446849529296
0.1794050066797192 -0.1385445385819337 -0.50773025623915 -0.0394648499010986 -0.8432740427115679 0.703188730326703 0.9588440924211604 0.8929056695033368 -1.083798292873486
-0.1136478386450787 -0.1821360370835534 -1.0684779098685897 -2.074905351990921 1.1858541225631425 0.8051577175868841 -1.2696515501110144 -0.5109230838167687 -1.2208490144575972
0.1794050066797192 -0.7924170161062298 -0.2031862719404026 -0.0240253517815807 -0.8432740427115679 -0.6224081040556507 0.6832518807647302 -0.429956555078819 -0.6041207673290965
-0.4067006839698767 -0.7924170161062298 -1.382689957160948 -1.659325527607222 1.1858541225631425 -0.1125631677547454 -1.3694349370900665 -0.6969825311691275 -1.7690519007940422
-0.6997535292946747 -0.4000935295916521 -0.4835600987551224 -1.1279494673271353 1.1858541225631425 -1.132253040356556 -0.8990275413316756 -0.2680234976029199 -1.5634758184178754
0.2770892884546519 0.079412953926165 0.1400299643327887 0.048025639442838 1.1858541225631425 0.3972817685461599 0.3577679756187726 2.983314229646762 0.3552342837596823
-0.1136478386450787 -0.3979139546665711 -0.6914234531177594 -2.4017080621873905 -0.8432740427115679 1.0090956921072465 -1.5381163769832271 0.3228685934391868 -1.289374375249653
-0.8951220928445401 -0.7924170161062298 -0.9524611539452572 -1.551249040770594 -0.8432740427115679 1.4169716411479705 -0.6353143043156081 -0.6548635793509011 -1.7005265400019869
0.7655106973293153 0.4128879174635561 -0.7445977995826201 0.4378729669606735 1.1858541225631425 0.8051577175868841 0.0251566856885967 1.0527941176676714 -0.0559178809926514
-0.6997535292946747 -0.4436850280932718 1.1986828621331955 1.8364341716203685 1.1858541225631425 -1.7440669639176425 1.2962069722074816 -0.6969825311691275 0.5608103661358492
0.3747735702295846 -0.6529242209010466 0.0385153028998729 0.3362296043405118 -0.8432740427115679 0.703188730326703 0.4908124915908424 -0.36043983848563 -0.2614939633688183
-0.5043849657448094 -0.3041922328880886 -0.923456964964424 0.138089378473361 -0.8432740427115679 -0.5204391167954696 -0.4951424035593199 1.2421249399185337 -1.083798292873486
1.5469849515287766 -0.7052340191029903 -0.3047009333733184 2.1426508843241474 1.1858541225631425 0.2953127812859788 1.676334160699111 -0.6127446275326749 0.9719625308881832
3.696039150577296 -0.7052340191029903 0.5992629565293125 0.8122807963589911 -0.8432740427115679 1.1110646793674273 0.5715895191453135 -0.6969825311691275 1.0404878916802387
2.1330906421783724 0.1230044524277848 -0.1596799884691531 0.8611725404041325 -0.8432740427115679 -0.1125631677547454 0.6096022379944765 0.0685191950805774 0.6293357269279048
-1.481227783494136 -0.1385445385819337 -1.5228768705683078 -1.3093635702314748 -0.8432740427115679 -1.3361910148769185 -1.414575040723448 0.3923853100323758 0.8349118093040717
-0.9928063746194729 0.3845534434375033 3.3208226892308157 0.6926246859327246 -0.8432740427115679 1.1110646793674273 0.3102520770573191 0.2832031727948377 -0.1929686025767627
-0.3090164021949441 -0.7924170161062298 0.0385153028998729 1.0297203948755391 1.1858541225631425 0.9071267048470651 -2.695128506954623 -0.6969825311691275 0.218183562175571
