
DATA_PATH, n, d, k: /home/philipp/data-for-pc-sos-sdp-solver/sonar.txt 208 60 2
CONSTRAINTS_PATH: /home/philipp/data-for-pc-sos-sdp-solver/sonar_constraints_0.05.txt
LOG_PATH: /home/philipp/data-for-pc-sos-sdp-solver/sonar_log_0.05.txt

BRANCH_AND_BOUND_TOL: 0.0001
BRANCH_AND_BOUND_PARALLEL: 16
BRANCH_AND_BOUND_MAX_NODES: 200
BRANCH_AND_BOUND_VISITING_STRATEGY: 0

SDP_SOLVER_SESSION_THREADS_ROOT: 16
SDP_SOLVER_SESSION_THREADS: 1
SDP_SOLVER_FOLDER: /home/pc-sos-sdp/SDPNAL+/
SDP_SOLVER_TOL: 1e-05
SDP_SOLVER_VERBOSE: 1
SDP_SOLVER_MAX_CP_ITER_ROOT: 80
SDP_SOLVER_MAX_CP_ITER: 40
SDP_SOLVER_CP_TOL: 1e-06
SDP_SOLVER_MAX_INEQ: 100000
SDP_SOLVER_INHERIT_PERC: 1
SDP_SOLVER_EPS_INEQ: 0.0001
SDP_SOLVER_EPS_ACTIVE: 1e-06
SDP_SOLVER_MAX_PAIR_INEQ: 100000
SDP_SOLVER_PAIR_PERC: 0.05
SDP_SOLVER_MAX_TRIANGLE_INEQ: 100000
SDP_SOLVER_TRIANGLE_PERC: 0.05


|    N| NODE_PAR|    NODE|      LB_PAR|          LB|  FLAG|  TIME (s)| CP_ITER| CP_FLAG|   CP_INEQ|     PAIR  TRIANGLE    CLIQUE|          UB|         GUB|     I      J|     NODE_GAP|          GAP|  OPEN|
|  176|       -1|       0|        -inf|     11255.4|     0|       572|       7|      -3|      6562|  450.429      5000   3.85714|     11301.2|    11301.2*|    -1     -1|    0.0040551|    0.0040551|     0|
|  175|        0|       1|     11255.4|     11258.6|     0|       180|       1|      -3|      6365|       74      5000         0|     11297.5|    11297.5*|    16     24|    0.0034423|    0.0034423|     0|
|  176|        0|       2|     11255.4|     11258.2|     0|       219|       1|      -3|      6562|       67      5000         0|     11301.2|     11297.5|    16     24|   0.00347896|   0.00347896|     0|
|  176|        2|       3|     11258.2|     11261.9|     0|       255|       1|      -3|      6562|      112      5000         0|     11288.9|    11288.9*|    10     22|   0.00239031|   0.00239031|     0|
|  174|        1|       4|     11258.6|     11262.2|     0|       347|       1|      -3|      6207|       77      5000         0|     11330.4|     11288.9|    91    118|   0.00236396|   0.00236396|     0|
|  175|        1|       5|     11258.6|     11294.6|     0|       551|       4|       0|      6622|    72.75      5000         0|     11297.5|     11288.9|    91    118| -0.000500389| -0.000500389|     0|
|  176|        3|       6|     11261.9|     11264.6|     0|       302|       1|      -3|      6562|       84      5000         0|     11289.1|     11288.9|    20    108|   0.00215719|   0.00215719|     0|
|  173|        4|       7|     11262.2|     11295.2|     0|       271|       2|       2|      6539|    114.5      5000         0|         inf|     11288.9|    10    124| -0.000552051| -0.000552051|     0|
|  174|        4|       8|     11262.2|     11289.2|     0|       348|       2|       2|      6762|     95.5      5000         0|     11330.4|     11288.9|    10    124|  -2.7179e-05|  -2.7179e-05|     0|
|  175|        2|       9|     11258.2|     11299.4|     0|       705|       3|       2|      6456|       51      5000         0|         inf|     11288.9|    10     22| -0.000929151| -0.000929151|     0|
|  175|        3|      10|     11261.9|     11277.4|     0|       896|       4|      -3|      6418|    85.25      5000         0|     11288.9|     11288.9|    20    108|   0.00102357|   0.00102357|     0|
|  175|        6|      11|     11264.6|     11278.4|     0|       661|       2|      -3|      6426|       58      5000         0|     11289.1|     11288.9|    22     74|  0.000934421|  0.000934421|     0|
|  174|       10|      12|     11277.4|     11277.4|     0|       458|       1|      -3|      6259|      117      5000         0|     11293.2|     11288.9|    71     83|   0.00102357|   0.00102357|     0|
|  176|        6|      13|     11264.6|     11287.7|     0|      1335|       3|      -3|      6493|       29      5000         0|     11291.5|     11288.9|    22     74|  0.000104911|  0.000104911|     0|
|  173|       12|      14|     11277.4|     11291.6|     0|       270|       1|       2|      6281|       87      5000         0|         inf|     11288.9|    44    138|  -0.00023372|  -0.00023372|     0|
|  175|       11|      15|     11278.4|     11288.2|     0|       713|       1|       2|      6467|        5      5000         0|     11289.1|     11288.9|    42     61|   6.5606e-05|   6.5606e-05|     0|
|  175|       10|      16|     11277.4|     11288.5|     0|       852|       3|       2|      6689|  31.6667      5000         0|     11288.5|    11288.5*|    71     83|  6.22175e-07|  6.22175e-07|     0|
|  174|       11|      17|     11278.4|     11288.9|     0|       901|       3|       2|      6267|  53.3333      5000         0|         inf|     11288.5|    42     61| -3.41877e-05| -3.41877e-05|     0|
|  174|       12|      18|     11277.4|     11290.6|     0|       524|       2|       2|      6301|       55      5000         0|     11293.2|     11288.5|    44    138| -0.000187208| -0.000187208|     0|
|  176|       13|      19|     11287.7|     11288.3|     0|       383|       0|       2|      6493|        0         0         0|     11291.5|     11288.5|     5    109|  1.52518e-05|  1.52518e-05|     0|
|  175|       13|      20|     11287.7|       11292|     0|       717|       1|       2|      6583|       81      5000         0|         inf|     11288.5|     5    109| -0.000315136| -0.000315136|     0|

WALL_TIME: 3564 sec
N_NODES: 21
AVG_INEQ: 4847.82
AVG_CP_ITER: 2.09524
ROOT_GAP: 0.0040551
GAP: 0
BEST: 11288.5

