300 2 2
0.4280600763562707 1.322821554805633
-0.0619864249705488 -0.7419369169035672
1.262373314493947 -0.0689194843857019
-0.0347103788193891 -1.7751659977369
1.127109897325805 -0.9243077158900151
0.3707633986683769 0.1355169732072638
1.2789183070271832 -0.2391529676011591
-0.6593895761358154 -1.7081889246491346
0.9740509575838708 0.9028074986952476
0.7572783479016885 -1.4432221540190788
0.1571571738144634 -0.6811309457329768
-0.3409681367869089 -1.7847387313457108
-0.0740962562835465 -1.8312462145776147
1.2043769704751568 0.4308480113367766
-0.2130513875088305 1.3063444869789167
0.2075045994763236 1.3519724186466298
-1.5866068836126452 0.73968956994871
-1.0048257517634636 1.9237618603637237
0.0739614001209099 0.3526517998241299
-0.653903927424289 -0.4169371701622963
-1.5197331251519608 -0.4860007473147371
1.1903132654285566 0.3912528436117106
-1.564188367566531 0.8508763210737
0.207066781879175 -0.7199060111009238
-1.373271725542272 -0.9607821824787935
-0.3887009389770017 -1.7911628320085615
-0.7632273599310725 -0.2090577948641573
-1.6413184369842713 0.0421574871615126
1.1234902992343947 0.6974911104568202
0.8047511981951477 -1.3773058215846894
-0.5676132274287192 -0.5458974238338357
0.5783513028367991 1.2866468074146762
-0.7870309056706756 -1.6260563501403829
-0.2230030060374389 -1.7987103176258863
0.6291258145106363 1.2337137487548366
0.0005758313317501 0.1959298470306202
-0.4235625633265245 -0.6698100609726971
0.2810197970077611 0.274484722007035
-1.589007691396614 0.0143548589208054
-0.0225690448493323 0.1805267877978996
-1.6074236311736785 0.0885469928463799
1.2944852491106975 -0.0772746562869099
-0.6908938110539429 0.8001771644820317
-1.329837429327105 1.4515050625319343
-0.0306113235632052 -0.7464593786404733
-0.5711508044213088 -0.5347977366521105
0.4488818215470838 -0.1103234752813865
0.1830099029187809 1.374027180871909
0.4367849526370497 -0.3611007761690064
0.5723404126242092 -1.6070337232099283
-0.679980301149212 -0.2991827030040361
-1.2255484585773235 -1.111797161976889
1.276700594684366 -0.1540650017489929
-0.9096820489799956 1.936236435396179
0.0069301981827901 0.2451371331483295
-1.2195676531271304 1.5881277627426094
-1.6413710014856295 -0.0673853923386371
1.272074635276116 -0.4042600480030562
1.2938558023720648 0.0978184823967445
1.124751556483533 0.6129402639973069
1.1894755095070426 -0.6629030765911191
1.155928004480946 0.5180251626172101
-1.6029295051835122 0.2250504972746908
-0.2318908650517106 -1.7856069682539848
-0.020272976483102 -1.7837467335238997
0.4260627607779413 -0.2479008740472666
-1.574525922389531 0.7728751863874005
-1.2760156569825398 1.5348622591599292
-1.2241790944192368 1.6539226592619936
-1.6059002579374593 0.1848769403130678
-1.5885978461841408 -0.1550199273174734
0.723956179472332 1.1768871140382435
0.2530616502675019 -1.7894489292968103
-1.1892165046145198 1.653884772856015
-0.5992977619232209 0.8933117170419019
-1.346314248465617 -0.9005698561539945
0.1200835316560927 0.3790496485644586
-1.4365915121812445 -0.6844482482774593
-0.1894244502756977 -0.7609754670856218
-1.5398723103722336 -0.3688524635610325
-0.5277869154632304 -0.5403616268541287
-1.5865293765010977 -0.3099638300725738
-0.801712633474275 0.4166711713769185
-1.398269636111278 -0.8474039488347327
-0.7883375965038495 0.0838590789155295
1.1494243321862674 0.6216490236557832
-0.6105815366143384 -0.5026996476119708
-1.5693013144555663 -0.1663517682966721
-1.3500873866063738 1.436671227513027
1.038071066499934 -1.041599016163496
-1.461027869978826 1.044304838662529
1.280766466312321 -0.1889349737974207
1.195686533897901 0.5006621120739974
0.4048120266195784 -0.3838019074863015
-0.9485320930799072 1.9376412254444677
1.0556327867309754 0.7229351256671198
-0.7140645328552626 -0.2825781487252684
0.346424354724601 1.3018231551504809
-1.4493586229567592 -0.6757214253329689
-0.2544159235358997 -1.8030137863136708
0.136394375996391 0.3202904055222341
-0.5182836818066843 -0.5882402103985239
-0.6094067643641301 -1.63729171118003
0.2141020747488137 -0.6076242375545757
1.0331915512211656 -1.0675452143707058
-1.0163287556598566 -1.4604721091530188
-1.63300114530666 0.252601549404105
0.5490219071406175 -1.6176675992805574
-0.0579516941939385 -0.7723941988000282
0.7033192593511239 -1.4786149025557669
-1.6490801881615902 0.3465592340619476
-1.3727085983530072 -0.8500111649631693
-0.2709350981776958 -1.7855430932829914
-0.3480112848293831 1.2218544045765838
-1.4159982186379991 -0.8669123251737735
1.2768987738998 -0.2618032377572954
-0.5133747583863676 -1.7144331689557346
-1.611650654824614 0.5600483687797201
-1.4158814459328626 -0.8308621150922211
-1.5033047634547567 0.9673314769142756
-0.0191170831635343 -1.8447498986090147
-1.5861193978599657 0.0511959079184228
0.4809949905275043 -0.0991047424165232
-0.5674940345484216 -0.5356791188228118
-1.6416205081327102 0.2163697101522587
-1.3604160082776244 1.3595201816446332
-1.6021761445540603 0.4231212577811561
-1.5527219080965815 -0.4636123748437603
-0.677371928216974 -1.6776973862051918
-0.2440406420131936 -0.7200341410971087
0.1413142282963544 0.353731719782116
0.4370822144203574 0.0361990433263313
-1.0363243436503582 -1.3319791054243135
-0.8091853345809245 0.1635748425994184
0.2711159688740391 -0.6567242500028092
0.4385808576477208 -0.2439758328753427
-1.5039739061488322 1.0359403019166686
0.57453423465276 1.2924332291990777
-0.7765265376755901 0.5365829548686711
0.7026039659592511 -1.5092077563247697
-0.8107916282366485 -0.0164980959820278
-1.6513298946779371 0.3476788707827684
0.2311129444406217 0.3450346048353411
-1.5619610899751086 -0.2733473377300883
-0.3636103896602541 1.216066399604678
-1.063760162381566 -1.3884102243956051
0.3616644783667774 -0.4963984423203749
0.0249089280230019 0.2704234319735949
-0.9954284254164664 1.9113782448553025
1.2678147371109707 -0.3879260192115267
-0.4280600763562714 -1.322821554805632
0.0619864249705486 0.7419369169035672
-1.262373314493947 0.0689194843857019
0.0347103788193891 1.7751659977369
-1.127109897325805 0.9243077158900151
-0.3707633986683771 -0.1355169732072638
-1.2789183070271837 0.2391529676011587
0.659389576135815 1.7081889246491342
-0.9740509575838708 -0.9028074986952472
-0.7572783479016889 1.4432221540190784
-0.1571571738144634 0.6811309457329763
0.3409681367869089 1.7847387313457106
0.0740962562835462 1.8312462145776145
-1.2043769704751568 -0.4308480113367769
0.2130513875088307 -1.3063444869789165
-0.2075045994763238 -1.3519724186466306
1.5866068836126452 -0.7396895699487109
1.0048257517634631 -1.9237618603637237
-0.0739614001209099 -0.3526517998241302
0.6539039274242887 0.4169371701622963
1.5197331251519608 0.4860007473147373
-1.1903132654285573 -0.3912528436117106
1.564188367566531 -0.8508763210737003
-0.207066781879175 0.7199060111009238
1.373271725542272 0.960782182478794
0.3887009389770015 1.7911628320085613
0.7632273599310725 0.209057794864157
1.6413184369842713 -0.0421574871615129
-1.1234902992343947 -0.69749111045682
-0.8047511981951473 1.3773058215846894
0.5676132274287194 0.5458974238338362
-0.5783513028367996 -1.2866468074146766
0.7870309056706758 1.6260563501403822
0.2230030060374389 1.7987103176258863
-0.6291258145106369 -1.2337137487548369
-0.0005758313317503 -0.1959298470306204
0.4235625633265247 0.6698100609726971
-0.2810197970077614 -0.2744847220070356
1.5890076913966136 -0.0143548589208057
0.0225690448493323 -0.1805267877979
1.6074236311736787 -0.0885469928463802
-1.2944852491106975 0.0772746562869096
0.6908938110539433 -0.8001771644820311
1.329837429327105 -1.4515050625319343
0.0306113235632052 0.7464593786404733
0.5711508044213088 0.5347977366521105
-0.4488818215470838 0.1103234752813865
-0.1830099029187809 -1.3740271808719091
-0.43678495263705 0.3611007761690059
-0.5723404126242096 1.6070337232099283
0.6799803011492123 0.2991827030040355
1.2255484585773233 1.111797161976889
-1.276700594684366 0.1540650017489929
0.9096820489799956 -1.9362364353961792
-0.0069301981827904 -0.2451371331483295
1.2195676531271304 -1.5881277627426091
1.6413710014856295 0.0673853923386368
-1.272074635276116 0.4042600480030559
-1.293855802372065 -0.0978184823967448
-1.1247515564835333 -0.6129402639973069
-1.189475509507043 0.6629030765911191
-1.1559280044809457 -0.5180251626172108
1.6029295051835113 -0.2250504972746906
0.2318908650517106 1.7856069682539846
0.020272976483102 1.7837467335239
-0.4260627607779413 0.2479008740472666
1.5745259223895305 -0.7728751863874014
1.2760156569825396 -1.5348622591599292
1.2241790944192363 -1.6539226592619938
1.6059002579374595 -0.1848769403130681
1.58859784618414 0.1550199273174734
-0.723956179472332 -1.1768871140382433
-0.2530616502675019 1.7894489292968103
1.18921650461452 -1.6538847728560149
0.5992977619232209 -0.8933117170419023
1.3463142484656168 0.9005698561539942
-0.1200835316560927 -0.3790496485644586
1.436591512181244 0.6844482482774593
0.1894244502756975 0.7609754670856218
1.5398723103722336 0.3688524635610325
0.5277869154632304 0.5403616268541289
1.5865293765010977 0.3099638300725738
0.8017126334742746 -0.4166711713769185
1.398269636111278 0.8474039488347318
0.7883375965038497 -0.0838590789155298
-1.1494243321862674 -0.6216490236557832
0.6105815366143382 0.5026996476119708
1.5693013144555668 0.1663517682966721
1.3500873866063732 -1.436671227513027
-1.038071066499934 1.0415990161634954
1.4610278699788266 -1.0443048386625289
-1.2807664663123204 0.1889349737974204
-1.1956865338979008 -0.500662112073997
-0.404812026619578 0.3838019074863012
0.9485320930799068 -1.9376412254444677
-1.0556327867309752 -0.7229351256671198
0.7140645328552626 0.2825781487252681
-0.3464243547246012 -1.3018231551504806
1.4493586229567597 0.6757214253329685
0.2544159235358997 1.8030137863136704
-0.1363943759963908 -0.3202904055222347
0.5182836818066846 0.5882402103985241
0.6094067643641297 1.6372917111800296
-0.2141020747488139 0.6076242375545757
-1.0331915512211651 1.0675452143707058
1.0163287556598566 1.4604721091530186
1.6330011453066604 -0.2526015494041053
-0.5490219071406179 1.6176675992805565
0.0579516941939383 0.7723941988000282
-0.7033192593511237 1.478614902555767
1.6490801881615904 -0.3465592340619476
1.3727085983530067 0.850011164963169
0.270935098177696 1.7855430932829914
0.3480112848293833 -1.221854404576584
1.4159982186379994 0.8669123251737735
-1.2768987738998 0.2618032377572948
0.5133747583863671 1.7144331689557344
1.6116506548246134 -0.5600483687797201
1.4158814459328626 0.8308621150922211
1.5033047634547567 -0.967331476914276
0.0191170831635343 1.8447498986090145
1.586119397859966 -0.0511959079184228
-0.4809949905275045 0.0991047424165232
0.5674940345484216 0.5356791188228127
1.6416205081327104 -0.2163697101522593
1.3604160082776242 -1.3595201816446332
1.6021761445540603 -0.4231212577811561
1.5527219080965813 0.4636123748437603
0.6773719282169733 1.677697386205192
0.2440406420131931 0.7200341410971081
-0.1413142282963546 -0.3537317197821163
-0.4370822144203579 -0.0361990433263313
1.036324343650358 1.331979105424313
0.8091853345809245 -0.1635748425994187
-0.2711159688740393 0.6567242500028092
-0.4385808576477211 0.2439758328753424
1.5039739061488322 -1.035940301916668
-0.5745342346527602 -1.292433229199078
0.7765265376755903 -0.5365829548686711
-0.7026039659592519 1.5092077563247706
0.8107916282366487 0.0164980959820278
1.6513298946779371 -0.3476788707827678
-0.2311129444406219 -0.3450346048353414
1.5619610899751082 0.273347337730088
0.3636103896602541 -1.216066399604679
1.063760162381566 1.3884102243956051
-0.3616644783667776 0.4963984423203746
-0.0249089280230019 -0.2704234319735949
0.9954284254164656 -1.9113782448553025
-1.2678147371109705 0.3879260192115264
