151 5 3
-2.0510720493742136 1.3754849375021443 -0.7293585953936581 -2.359071298478354 -0.6900283661165346
0.4875499133758379 0.1995572626949325 -0.7293585953936581 -2.359071298478354 -0.8456583635528254
-2.0510720493742136 1.3754849375021443 -0.7293585953936581 0.4238956239453289 1.644421595427828
-2.0510720493742136 -1.2703523308140825 -0.8722031452048674 0.4238956239453289 0.3993816159375013
0.4875499133758379 -0.9763704121122792 0.4133978030960162 0.4238956239453289 2.1113115877367004
0.4875499133758379 1.3754849375021443 -0.7293585953936581 -2.359071298478354 -0.6122133673983892
0.4875499133758379 -0.6823884934104764 -0.4436694957712395 0.4238956239453289 -0.6900283661165346
0.4875499133758379 -0.5353975340595749 -0.7293585953936581 0.4238956239453289 -0.0675083763713712
-2.0510720493742136 1.228493978151243 -0.7293585953936581 -2.359071298478354 2.3447565838911366
0.4875499133758379 0.1995572626949325 -0.7293585953936581 -2.359071298478354 -0.6122133673983892
0.4875499133758379 -0.5353975340595749 1.9846878510193184 0.4238956239453289 -1.4681783532979888
0.4875499133758379 -0.0944246560068704 -1.0150476950160767 0.4238956239453289 0.165936619783065
0.4875499133758379 0.640530140747637 1.8418433012081088 0.4238956239453289 0.0881216210649196
0.4875499133758379 -1.1233613714631807 1.270465101963272 0.4238956239453289 0.8662716082463738
0.4875499133758379 -1.1233613714631807 1.270465101963272 0.4238956239453289 1.0997166044008102
0.4875499133758379 -1.1233613714631807 1.270465101963272 0.4238956239453289 1.1775316031189555
0.4875499133758379 -0.9763704121122792 0.4133978030960162 0.4238956239453289 -1.3903633545798433
0.4875499133758379 1.228493978151243 -0.7293585953936581 0.4238956239453289 1.4109765992733918
0.4875499133758379 -0.0944246560068704 -0.7293585953936581 -2.359071298478354 -1.3903633545798433
0.4875499133758379 -0.9763704121122792 2.4132215004529463 0.4238956239453289 1.0997166044008102
0.4875499133758379 1.6694668562039474 -0.1579803961488209 0.4238956239453289 -0.0675083763713712
0.4875499133758379 1.6694668562039474 -0.1579803961488209 0.4238956239453289 -0.3787683712439529
0.4875499133758379 -1.7113252088667867 0.1277087034735976 0.4238956239453289 0.2437516185012104
0.4875499133758379 -1.858316168217688 0.9847760023408534 -2.359071298478354 -0.4565833699620983
0.4875499133758379 0.1995572626949325 0.6990869027184348 0.4238956239453289 0.710641610810083
0.4875499133758379 -0.9763704121122792 0.4133978030960162 0.4238956239453289 -1.156918358425407
0.4875499133758379 -0.8293794527613778 -0.7293585953936581 0.4238956239453289 -0.3009533725258074
0.4875499133758379 0.052566303344031 0.9847760023408534 0.4238956239453289 0.7884566095282284
0.4875499133758379 1.0815030188003414 -0.8722031452048674 0.4238956239453289 1.0997166044008102
0.4875499133758379 1.228493978151243 -0.7293585953936581 0.4238956239453289 0.0103066223467742
0.4875499133758379 -0.3884065747086734 -1.0150476950160767 0.4238956239453289 1.800051592864119
0.4875499133758379 0.640530140747637 -0.4436694957712395 0.4238956239453289 -0.6900283661165346
0.4875499133758379 -0.0944246560068704 -1.0150476950160767 0.4238956239453289 0.2437516185012104
-2.0510720493742136 -0.0944246560068704 -0.7293585953936581 -2.359071298478354 -1.156918358425407
0.4875499133758379 -1.2703523308140825 -0.8722031452048674 0.4238956239453289 0.710641610810083
0.4875499133758379 0.346548222045834 -0.0151358463376116 0.4238956239453289 0.6328266120919376
0.4875499133758379 -1.4173432901649838 1.1276205521520626 0.4238956239453289 -0.5343983686802437
0.4875499133758379 -1.2703523308140825 -0.8722031452048674 0.4238956239453289 1.5666065967096827
0.4875499133758379 0.052566303344031 0.9847760023408534 0.4238956239453289 0.7884566095282284
-2.0510720493742136 1.3754849375021443 -0.7293585953936581 -2.359071298478354 -0.6900283661165346
0.4875499133758379 0.1995572626949325 -0.7293585953936581 -2.359071298478354 -0.8456583635528254
-2.0510720493742136 1.3754849375021443 -0.7293585953936581 0.4238956239453289 1.644421595427828
-2.0510720493742136 -1.2703523308140825 -0.8722031452048674 0.4238956239453289 0.3993816159375013
0.4875499133758379 -0.9763704121122792 0.4133978030960162 0.4238956239453289 2.1113115877367004
0.4875499133758379 1.3754849375021443 -0.7293585953936581 -2.359071298478354 -0.6122133673983892
0.4875499133758379 -0.6823884934104764 -0.4436694957712395 0.4238956239453289 -0.6900283661165346
0.4875499133758379 -0.5353975340595749 -0.7293585953936581 0.4238956239453289 -0.0675083763713712
-2.0510720493742136 1.228493978151243 -0.7293585953936581 0.4238956239453289 2.3447565838911366
0.4875499133758379 0.1995572626949325 -0.7293585953936581 -2.359071298478354 -0.6122133673983892
0.4875499133758379 -0.5353975340595749 1.9846878510193184 0.4238956239453289 -1.4681783532979888
0.4875499133758379 -0.0944246560068704 -1.0150476950160767 0.4238956239453289 0.165936619783065
0.4875499133758379 0.640530140747637 1.8418433012081088 0.4238956239453289 0.0881216210649196
0.4875499133758379 -1.1233613714631807 1.270465101963272 0.4238956239453289 0.8662716082463738
0.4875499133758379 -1.1233613714631807 1.270465101963272 0.4238956239453289 1.0997166044008102
0.4875499133758379 -1.1233613714631807 1.270465101963272 0.4238956239453289 1.1775316031189555
0.4875499133758379 -0.9763704121122792 0.4133978030960162 0.4238956239453289 -1.3903633545798433
0.4875499133758379 1.228493978151243 -0.7293585953936581 0.4238956239453289 1.4109765992733918
0.4875499133758379 -0.0944246560068704 -0.7293585953936581 -2.359071298478354 -1.3903633545798433
0.4875499133758379 -0.9763704121122792 2.4132215004529463 0.4238956239453289 1.0997166044008102
0.4875499133758379 1.6694668562039474 -0.1579803961488209 0.4238956239453289 -0.0675083763713712
0.4875499133758379 1.6694668562039474 -0.1579803961488209 0.4238956239453289 -0.3787683712439529
0.4875499133758379 -1.7113252088667867 0.1277087034735976 0.4238956239453289 0.2437516185012104
0.4875499133758379 -1.858316168217688 0.9847760023408534 -2.359071298478354 -0.4565833699620983
0.4875499133758379 0.1995572626949325 0.6990869027184348 0.4238956239453289 0.710641610810083
0.4875499133758379 -0.9763704121122792 0.4133978030960162 0.4238956239453289 -1.156918358425407
0.4875499133758379 -0.8293794527613778 -0.7293585953936581 0.4238956239453289 -0.3009533725258074
0.4875499133758379 0.052566303344031 0.9847760023408534 0.4238956239453289 0.7884566095282284
0.4875499133758379 1.0815030188003414 -0.8722031452048674 0.4238956239453289 1.0997166044008102
0.4875499133758379 1.228493978151243 -0.7293585953936581 0.4238956239453289 0.0103066223467742
0.4875499133758379 -0.3884065747086734 -1.0150476950160767 0.4238956239453289 1.800051592864119
0.4875499133758379 0.640530140747637 -0.4436694957712395 0.4238956239453289 -0.6900283661165346
0.4875499133758379 -0.0944246560068704 -1.0150476950160767 0.4238956239453289 0.2437516185012104
-2.0510720493742136 -0.0944246560068704 -0.7293585953936581 -2.359071298478354 -1.156918358425407
0.4875499133758379 -1.2703523308140825 -0.8722031452048674 0.4238956239453289 0.710641610810083
0.4875499133758379 0.346548222045834 -0.0151358463376116 0.4238956239453289 0.6328266120919376
0.4875499133758379 -1.4173432901649838 1.1276205521520626 0.4238956239453289 -0.5343983686802437
0.4875499133758379 -1.2703523308140825 -0.8722031452048674 0.4238956239453289 1.5666065967096827
0.4875499133758379 0.052566303344031 0.9847760023408534 0.4238956239453289 0.7884566095282284
-2.0510720493742136 1.3754849375021443 -0.7293585953936581 -2.359071298478354 -0.223138373807662
-2.0510720493742136 -0.0944246560068704 -0.7293585953936581 -2.359071298478354 -0.8456583635528254
0.4875499133758379 0.346548222045834 1.5561542015856906 0.4238956239453289 -1.312548355861698
0.4875499133758379 -0.6823884934104764 -0.8722031452048674 0.4238956239453289 0.8662716082463738
0.4875499133758379 -0.0944246560068704 -0.7293585953936581 -2.359071298478354 -1.312548355861698
0.4875499133758379 0.640530140747637 1.8418433012081088 0.4238956239453289 -0.6900283661165346
-2.0510720493742136 1.228493978151243 -0.7293585953936581 0.4238956239453289 1.3331616005552465
0.4875499133758379 -0.9763704121122792 0.4133978030960162 -2.359071298478354 -0.6122133673983892
0.4875499133758379 1.3754849375021443 -0.7293585953936581 -2.359071298478354 -0.6122133673983892
-2.0510720493742136 1.3754849375021443 -0.7293585953936581 -2.359071298478354 -0.6122133673983892
-2.0510720493742136 1.3754849375021443 -0.7293585953936581 0.4238956239453289 0.7884566095282284
0.4875499133758379 0.052566303344031 1.9846878510193184 0.4238956239453289 -0.8456583635528254
-2.0510720493742136 0.4935391813967355 1.270465101963272 0.4238956239453289 -0.6900283661165346
0.4875499133758379 -0.6823884934104764 -0.4436694957712395 0.4238956239453289 -0.3009533725258074
0.4875499133758379 0.640530140747637 2.4132215004529463 0.4238956239453289 -0.223138373807662
-2.0510720493742136 0.4935391813967355 1.270465101963272 0.4238956239453289 0.2437516185012104
0.4875499133758379 -1.858316168217688 0.9847760023408534 0.4238956239453289 0.2437516185012104
0.4875499133758379 -1.858316168217688 -0.0151358463376116 0.4238956239453289 -0.76784336483468
-2.0510720493742136 -0.3884065747086734 1.1276205521520626 0.4238956239453289 -0.4565833699620983
-2.0510720493742136 1.228493978151243 0.6990869027184348 0.4238956239453289 -0.0675083763713712
0.4875499133758379 -0.6823884934104764 -0.8722031452048674 0.4238956239453289 -1.0791033597072617
0.4875499133758379 -0.0944246560068704 -1.0150476950160767 0.4238956239453289 -0.6122133673983892
-2.0510720493742136 -1.1233613714631807 1.270465101963272 0.4238956239453289 0.5550116133737921
0.4875499133758379 1.3754849375021443 -0.7293585953936581 -2.359071298478354 -0.6122133673983892
-2.0510720493742136 1.3754849375021443 -0.7293585953936581 -2.359071298478354 -0.6122133673983892
0.4875499133758379 -1.1233613714631807 1.270465101963272 0.4238956239453289 0.710641610810083
-2.0510720493742136 1.228493978151243 -0.7293585953936581 0.4238956239453289 -1.0012883609891163
0.4875499133758379 0.93451205944944 -0.8722031452048674 0.4238956239453289 -0.223138373807662
0.4875499133758379 1.3754849375021443 -0.7293585953936581 0.4238956239453289 -1.3903633545798433
0.4875499133758379 0.93451205944944 -0.8722031452048674 0.4238956239453289 -1.0791033597072617
-2.0510720493742136 1.3754849375021443 -0.7293585953936581 0.4238956239453289 0.7884566095282284
0.4875499133758379 -0.0944246560068704 -1.0150476950160767 0.4238956239453289 0.0881216210649196
0.4875499133758379 -0.5353975340595749 -0.7293585953936581 0.4238956239453289 -0.6900283661165346
0.4875499133758379 -0.9763704121122792 0.4133978030960162 0.4238956239453289 0.165936619783065
-2.0510720493742136 0.052566303344031 0.9847760023408534 0.4238956239453289 0.3215666172193558
0.4875499133758379 -0.8293794527613778 -0.7293585953936581 0.4238956239453289 -0.0675083763713712
0.4875499133758379 -0.2414156153577719 -0.1579803961488209 0.4238956239453289 0.4771966146556467
0.4875499133758379 -0.8293794527613778 -0.1579803961488209 0.4238956239453289 -0.3787683712439529
0.4875499133758379 0.1995572626949325 -1.0150476950160767 0.4238956239453289 2.9672765736363
0.4875499133758379 1.3754849375021443 -0.7293585953936581 0.4238956239453289 -1.2347333571435526
0.4875499133758379 -1.7113252088667867 0.1277087034735976 0.4238956239453289 0.0881216210649196
0.4875499133758379 0.1995572626949325 -1.0150476950160767 0.4238956239453289 -0.6900283661165346
0.4875499133758379 0.93451205944944 -0.8722031452048674 0.4238956239453289 -1.9350683456068611
0.4875499133758379 -0.0944246560068704 0.8419314525296441 0.4238956239453289 -0.8456583635528254
0.4875499133758379 -0.6823884934104764 -0.3008249459600302 0.4238956239453289 -1.6238083507342795
-2.0510720493742136 -0.5353975340595749 -0.7293585953936581 0.4238956239453289 -0.5343983686802437
0.4875499133758379 0.052566303344031 0.9847760023408534 0.4238956239453289 0.6328266120919376
-2.0510720493742136 -0.0944246560068704 -1.0150476950160767 0.4238956239453289 2.0334965890185552
-2.0510720493742136 -0.8293794527613778 -0.7293585953936581 0.4238956239453289 0.0881216210649196
0.4875499133758379 0.93451205944944 -0.8722031452048674 0.4238956239453289 1.3331616005552465
0.4875499133758379 1.228493978151243 -1.0150476950160767 0.4238956239453289 -1.312548355861698
0.4875499133758379 0.640530140747637 0.5562423529072255 0.4238956239453289 -0.9234733622709708
0.4875499133758379 0.93451205944944 0.9847760023408534 0.4238956239453289 -0.76784336483468
-2.0510720493742136 0.4935391813967355 1.4133096517744812 0.4238956239453289 1.255346601837101
0.4875499133758379 0.052566303344031 2.127532400830528 0.4238956239453289 -0.8456583635528254
0.4875499133758379 1.522475896853046 2.5560660502641555 0.4238956239453289 -0.5343983686802437
0.4875499133758379 -0.6823884934104764 2.270376950641737 0.4238956239453289 -0.6122133673983892
0.4875499133758379 -0.2414156153577719 -0.0151358463376116 0.4238956239453289 -0.3009533725258074
0.4875499133758379 -0.6823884934104764 -0.3008249459600302 0.4238956239453289 -1.7794383481705704
0.4875499133758379 1.228493978151243 -1.0150476950160767 0.4238956239453289 1.0997166044008102
0.4875499133758379 -0.9763704121122792 0.4133978030960162 0.4238956239453289 0.165936619783065
0.4875499133758379 -0.5353975340595749 -0.7293585953936581 0.4238956239453289 -0.6900283661165346
0.4875499133758379 1.3754849375021443 -0.7293585953936581 0.4238956239453289 -1.312548355861698
0.4875499133758379 0.4935391813967355 1.4133096517744812 0.4238956239453289 0.0881216210649196
0.4875499133758379 0.346548222045834 1.6989987513968998 0.4238956239453289 -1.0012883609891163
0.4875499133758379 -1.5643342495158852 -0.8722031452048674 0.4238956239453289 0.710641610810083
0.4875499133758379 0.7875211000985385 -0.5865140455824488 0.4238956239453289 -1.3903633545798433
0.4875499133758379 1.3754849375021443 -0.7293585953936581 0.4238956239453289 -0.3009533725258074
0.4875499133758379 -1.5643342495158852 -0.8722031452048674 0.4238956239453289 -0.1453233750895166
0.4875499133758379 -0.5353975340595749 -0.7293585953936581 0.4238956239453289 -1.2347333571435526
-2.0510720493742136 0.640530140747637 -0.1579803961488209 0.4238956239453289 1.5666065967096827
0.4875499133758379 1.228493978151243 -1.0150476950160767 0.4238956239453289 1.800051592864119
0.4875499133758379 -1.7113252088667867 0.2705532532848069 0.4238956239453289 -0.0675083763713712
