178 13 3
1.518612540989146 -0.5622497983286238 0.232052540994743 -1.1695931750229027 1.9139052175708116 0.8089973946320398 1.0348189581307363 -0.6595631143050643 1.2248839840604535 0.2517168498188536 0.3621772757786109 1.847919566506652 1.0130089267476907
0.2462896270150547 -0.4994133781369057 -0.8279963232661993 -2.4908471410952195 0.0181450206117595 0.5686476623890726 0.7336289414294697 -0.8207192355765833 -0.5447209874470055 -0.2933213287130475 0.4060506629356769 1.113449302525822 0.9652415206686004
0.1968790284141202 0.0212312463087581 1.109334359693453 -0.2687381981554134 0.0883583612398725 0.8089973946320398 1.215532968151496 -0.4984069930335457 2.135967731767264 0.2690196491373267 0.3183038886215448 0.7885874549958394 1.3951481753804136
1.6915496360924187 -0.3468106433855905 0.4879264047818665 -0.8092511842759069 0.930918448777229 2.491445520332811 1.466524648735885 -0.9818753568481025 1.032154729737859 1.1860680130163983 -0.4275436930485771 1.1840714432932098 2.3345738282691912
0.2957002256159914 0.2276937697958317 1.8404025419423795 0.4519457833385771 1.281985151917794 0.8089973946320398 0.663351270865841 0.2267955526882897 0.4014044428639132 -0.3192755276907569 0.3621772757786109 0.4496011793123797 -0.0378740069922976
1.481554592038443 -0.5173666410488251 0.3051593592196357 -1.289707171938568 0.8607051081491158 1.562093222326671 1.3661279765021292 -0.1760947504905075 0.6642170623947238 0.731869530906481 0.4060506629356769 0.3366057540845596 2.2390390161110103
1.7162549353928882 -0.4186236950332681 0.3051593592196357 -1.4698781673120658 -0.2627083419006926 0.3282979301461055 0.4926769280684568 -0.4984069930335457 0.6817379036967778 0.0830145564637414 0.2744305014644788 1.367689009288417 1.7295200179340462
1.30861749693517 -0.167278014266396 0.8900139050187752 -0.5690231904445764 1.4926251738021332 0.4885310849747505 0.4826372608450811 -0.4178289323977861 -0.5972835113531677 -0.0034994401286238 0.4499240500927429 1.367689009288417 1.7454424866270764
2.2597715200031785 -0.625086218520342 -0.7183360959288612 -1.6500491626855631 -0.1924950012725795 0.8089973946320398 0.954501620343732 -0.5789850536693052 0.6817379036967778 0.0613860573156502 0.5376708244068751 0.3366057540845596 0.94931905197557
1.061564503930491 -0.8854085307431737 -0.352802004804398 -1.0494791781072377 -0.1222816606444665 1.0974170733236008 1.125175963141116 -1.1430314781196214 0.4539669667700753 0.9351774228985392 0.2305571143074128 1.325315724827984 0.94931905197557
1.3580280955361046 -0.1583013828104361 -0.2431417774670599 -0.4489091935289116 0.3692117237523246 1.0493471268750076 1.2958503059385005 -1.1430314781196214 1.3825715557789395 0.2992995479446546 1.2835184060769966 0.7885874549958394 2.430108640427372
1.3827333948365716 -0.7687123218156975 -0.1700349592421672 -0.8092511842759069 -0.3329216825288056 -0.1524015343398288 0.402319923058077 -0.8207192355765833 -0.036616589687438 -0.0251279392767151 0.9325313088204684 0.2942324696241268 1.697675080547986
0.925685357777919 -0.5442965354167043 0.1589457227698504 -1.0494791781072377 -0.7542017262974838 0.4885310849747505 0.7336289414294697 -0.5789850536693052 0.3838836015618591 0.2344140505003805 0.8447845345063363 0.4072278948519469 1.825054830092227
2.160950322801307 -0.5442965354167043 0.0858389045449578 -2.430790142637387 -0.6137750450412578 1.289696859117975 1.6673179932033957 0.5491077952313275 2.135967731767264 0.1479000539080155 1.2835184060769966 0.1671126162428295 1.2836908945292027
1.703902285742655 -0.4186236950332681 0.0492854954325106 -2.250619147263889 0.1585717018679855 1.6101631687752642 1.6171196570865178 -0.5789850536693052 2.3987803512980745 1.0562970181278508 1.0641514702916663 0.5484721763867221 2.5479349087557948
0.7774535619751135 -0.4724834837690265 1.2189945870307928 -0.6891371873602422 0.8607051081491158 0.8891139720463627 0.8842239497801032 -0.4984069930335457 -0.2293458440100327 0.9697830215354856 1.415138567548195 0.3789790385449919 1.7932098927061668
1.6050810885407834 -0.3737405377534696 1.2921014052556856 0.1516607910494142 1.42241183317402 0.8089973946320398 1.1151362959177409 -0.256672811126267 0.6642170623947238 0.4939560402774766 0.493797437249809 0.0541171910150094 1.697675080547986
1.0245065549797905 -0.6879226387120598 0.9265673141312224 0.1516607910494142 1.0713451300334549 1.0493471268750076 1.3761676437255046 0.3073736133240493 0.2261960298433725 0.6669840334622069 0.7570377601922043 -0.0588782342128106 1.2200010197570823
1.4692019423882092 -0.6699693758001404 0.4148195865569739 -0.899336681962656 0.5798517456366638 1.6101631687752642 1.9082700065644087 -0.3372508717620266 0.4714878080721294 1.575380997682042 1.1957716317628646 0.2942324696241268 2.971472575990396
0.7898062116253471 0.6855019740497778 0.7072468594565444 -1.289707171938568 1.141558470661568 0.6487642398033955 1.0046999564606094 -1.5459217812984185 0.1210709820310481 0.0181290590194673 0.0111901785220826 1.0569515899119115 0.3124203042543651
1.30861749693517 -0.6340628499763017 -0.3162485956919525 -1.0494791781072377 1.8436918769426984 1.12946370428933 1.1452552975878671 -0.9818753568481025 0.8919879993214266 0.2560425496484722 0.5815442115639411 1.5513065752836244 0.1054282112449735
-0.0872319135412595 1.313866175966958 1.0362275414685604 -0.2687381981554134 0.1585717018679855 0.1840880908003253 0.382240588611326 -0.9012972962123428 0.6817379036967778 -0.2414129307576283 0.3183038886215448 1.282942440367552 0.0735832738589132
0.8762747591769846 -0.4276003264892278 -0.0238213227923819 -0.8693081827337393 0.0883583612398725 0.5045544004576147 0.8541049481099763 -0.7401411749408239 0.1736335059372103 -0.5442119188309068 0.6692909858780731 1.960914991734472 0.91747411458951
-0.1860531107431307 -0.6609927443441806 0.5610332230067592 -0.508966191986744 -0.3329216825288056 0.2962512991803765 0.3420819197178237 -0.8207192355765833 -0.2293458440100327 -0.4879778210458693 0.5815442115639411 1.4383111500558043 0.8537842398173894
0.6168691165220721 -0.4724834837690265 0.8900139050187752 0.1516607910494142 -0.2627083419006926 0.3763678765946986 0.5830339330788366 -0.6595631143050643 0.1210709820310481 -0.6653315140602182 0.7131643730351391 1.7066752849718767 0.3124203042543651
0.0609998822615482 -0.2570443288259934 3.119771860878 1.653085752495229 1.7032651956864722 0.5366010314233437 0.6533116036424657 0.8714200377743652 0.5766128558844534 -0.6393773150825085 0.7570377601922043 0.8309607394562722 0.2646528981752747
0.4809899703695 -0.5083900095928654 0.9265673141312224 -1.0194506788783209 -0.4733483637850317 0.8891139720463627 0.9143429514502296 -0.1760947504905075 -0.2468666853120868 -0.1116419358690804 -0.1643033701061809 0.8592095957632273 1.426993112766474
0.3698161235173953 -0.553273166872664 -0.8279963232661993 -0.7491941858180745 -0.4031350231569187 0.1680647753174605 0.1613679096970638 -0.7401411749408239 -0.4220750983326271 -0.4793264213866327 0.2744305014644788 0.2236103288567396 1.713597549241016
1.0739171535807246 -0.3916938006653891 1.5845286781552543 -0.0285102043240839 0.5096384050085507 1.0493471268750076 0.9444619531203564 0.0656394314167706 0.2962793950515888 -0.2414129307576283 1.2835184060769966 1.113449302525822 0.5353348659567869
1.2592068983342333 -0.589179692696503 -0.5721224594790759 -1.0494791781072377 -0.2627083419006926 0.5686476623890726 0.3019232508243215 -0.8207192355765833 0.6817379036967778 -0.1548989341652629 0.3621772757786109 1.3818134374418942 0.91747411458951
0.900980058477452 -0.7507590589037779 1.2189945870307928 0.9023732717723216 0.0883583612398725 1.12946370428933 1.2255726353748717 -0.5789850536693052 1.3825715557789395 0.2776710487965634 1.0202780831346003 0.1388637599358745 1.713597549241016
0.7156903137239432 -0.6071329556084225 -0.0238213227923819 -0.1185957020108319 0.4394250643804377 0.9051372875292268 1.1653346320346183 -1.1430314781196214 0.6291753797906157 0.7967550283507551 0.5815442115639411 0.3789790385449919 2.446031109120402
0.8392168102262816 -0.454530220857107 -0.0238213227923819 -0.6891371873602422 0.2989983831242116 0.2001114062831895 0.663351270865841 0.4685297345955679 0.6642170623947238 -0.5269091195124338 1.1957716317628646 0.3648546103915147 0.7741718963522388
0.9380380074281528 -0.7238291645358987 1.2189945870307928 0.0015182949048327 2.2649719207113765 1.0493471268750076 0.713549606982719 1.1131542196816435 -0.4220750983326271 0.1479000539080155 1.2835184060769966 0.5484721763867221 1.554372862310715
0.6292217661723056 -0.4814601152249862 1.0362275414685604 -0.1486242012397487 0.7202784268928898 0.0879481979031383 0.5027165952918322 -0.5789850536693052 -0.0891791135936002 -0.3711839256461761 0.6254175987210071 0.3648546103915147 1.1085437389058714
0.5921638172216048 -0.4724834837690265 0.1589457227698504 0.3018032871939957 0.0181450206117595 0.6487642398033955 0.954501620343732 -0.8207192355765833 0.4714878080721294 0.0181290590194673 0.3621772757786109 1.2123202996001647 0.551257334649817
0.3451108242169258 -0.625086218520342 1.7307423146050398 -1.1996216742518189 0.7202784268928898 0.4885310849747505 0.6533116036424657 -0.1760947504905075 -0.404554257030573 -0.1981559324614458 0.5815442115639411 0.2377347570102168 0.423877585105576
0.0609998822615482 -0.6161095870643822 0.6706934503440973 -0.4489091935289116 -0.1222816606444665 0.2481813527317833 0.402319923058077 -0.5789850536693052 -0.2643875266141409 -0.3495554264980849 0.7131643730351391 -0.1436248031336756 1.1403886762919315
0.5056952696699673 1.349772701790797 -0.901103141491092 -0.2086811996975811 -0.6839883856693708 0.2481813527317833 0.6533116036424657 -0.7401411749408239 -0.1943041614059246 -0.33657832700923 -0.208176757263247 0.5484721763867221 0.91747411458951
1.0862698032309606 -0.4006704321213488 0.8169070867938826 -1.3497641703964005 0.0883583612398725 1.530046591360942 1.5368023192995135 -1.5459217812984185 0.1911543472392644 0.1608771533968701 -0.3397969187344451 1.339440152981462 1.1085437389058714
0.2957002256159914 1.4754455421742334 -0.2796951865795054 -0.5990516896734931 0.2287850424960986 0.5526243469062085 0.6031132675255877 -0.3372508717620266 0.1210709820310481 -0.3019727283722838 -0.6030372416768413 0.5484721763867221 -0.2130211626156289
0.0609998822615482 -0.5083900095928654 -0.9742099597159848 -0.7491941858180745 0.5096384050085507 1.12946370428933 0.974580954790483 -0.6595631143050643 0.7693421102070478 -0.007825139958242 -0.3397969187344451 1.0428271617584346 0.4398000537986061
1.4939072416886787 1.5293053309099918 0.2686059501071886 -0.1786527004686654 0.7904917675210028 0.8891139720463627 0.6231926019723388 -0.4984069930335457 -0.5972835113531677 0.0786888566341233 -0.3836703058915111 1.0145783054514796 1.060776332826781
1.703902285742655 1.125356915391804 -0.3162485956919525 -1.0494791781072377 0.1585717018679855 1.530046591360942 1.1452552975878671 -0.7401411749408239 1.0496755710399128 -0.0683849375728976 0.3621772757786109 1.169947015139732 1.0130089267476907
1.1109751025314278 -0.589179692696503 -0.901103141491092 -1.0494791781072377 0.0883583612398725 1.289696859117975 1.3661279765021292 -1.223609538755381 0.9620713645296428 0.4506990419812937 -0.208176757263247 1.0145783054514796 0.7582494276592087
1.3580280955361046 -0.2839742231938723 0.1223923136574033 -0.2086811996975811 0.2287850424960986 0.7288808172177177 0.8942636170034786 -0.3372508717620266 1.3825715557789395 0.4939560402774766 0.493797437249809 0.1953614725497846 0.9970864580546606
0.0609998822615482 -0.5442965354167043 -1.1935304143906629 -2.130505150348224 -0.5435617044131448 0.6808108707691245 1.2456519698216226 -1.5459217812984185 2.3111761447878045 0.926526023239303 0.7131643730351391 0.4213523230054247 1.2836908945292027
1.0245065549797905 -0.6161095870643822 0.8534604959063297 -0.6891371873602422 -0.4031350231569187 0.2481813527317833 0.9645412875671076 -1.1430314781196214 1.2248839840604535 0.2344140505003805 1.2396450189199306 1.0710760180653895 1.6499076744688956
1.0121539053295563 -0.5263432725047849 0.1954991318822959 -1.6500491626855631 0.7904917675210028 2.5395154667814044 1.7175163293202735 -0.3372508717620266 0.4890086493741835 0.8616405257950288 0.2305571143074128 0.9157073083771368 1.4110706440734435
0.9503906570783864 -0.3916938006653891 1.1458877688059002 -0.7191656865891578 1.0713451300334549 1.12946370428933 0.7637479430995966 0.2267955526882897 0.1561126646351562 0.5372130385736591 0.7570377601922043 0.4496011793123797 2.000201985715558
0.6909850144234759 -0.5442965354167043 0.3417127683320812 0.3018032871939957 1.141558470661568 1.0653704423578718 0.7537082758762208 -1.30418759939114 1.5052174448933184 0.5155845394255678 0.0989369528362147 0.5908454608471543 1.188156082371022
1.5062598913389122 -0.5712264297845836 -0.2431417774670599 -0.9593936804204884 1.281985151917794 1.4499300139466198 0.974580954790483 -0.8207192355765833 0.7693421102070478 0.5718186372106052 -0.0765565957920494 0.9863294491445246 0.7104820215801183
0.3574634738671595 -0.328857380473671 1.1458877688059002 -0.8092511842759069 0.1585717018679855 1.12946370428933 1.2054933009281206 -0.4178289323977861 0.1210709820310481 0.4074420436851112 0.493797437249809 0.3224813259310818 1.6658301431619258
0.8886274088272182 -0.8135954790954961 0.4879264047818665 -0.8392796835048236 0.5798517456366638 1.770396323603909 1.6472386587566443 -1.3847656600268996 0.7868629515091022 0.7534980300545723 -0.295923531577379 0.3648546103915147 1.713597549241016
-0.7789802939543575 -1.2534504204375223 -3.6791622340370096 -2.6710181364687173 -0.8244150669255969 -0.5049144749628478 -1.4650581804897744 -0.6595631143050643 -2.051513339423654 -1.3444663873102856 0.4060506629356769 -1.1182103457236228 -0.722540160792593
-0.828390892555292 -1.109824317142167 -0.3162485956919525 -1.0494791781072377 0.0883583612398725 -0.3927512665827967 -0.942995484874246 2.1606690079465167 -2.069034180725708 -0.7734740098006747 1.2835184060769966 -1.3300767680257852 -0.2130211626156289
-0.4454587533980411 -0.876431899287214 -1.2666372326155553 -0.8092511842759069 0.0181450206117595 -0.4408212130313898 -0.6217261337262288 1.3548884015889224 -1.7010965133825728 0.2992995479446546 0.0989369528362147 -1.443072193253605 -0.9454547224950148
0.826864160576048 -0.9751748453027712 -1.6321713237400184 -0.4489091935289116 -0.4031350231569187 -0.3126346891684738 -0.2402187792379579 -0.3372508717620266 -1.508367259059978 -0.5442119188309068 1.1957716317628646 -0.2142469439010629 -0.3722458495459302
-0.7789802939543575 -1.0828944227742878 -0.7548895050413067 -0.1486242012397487 -0.8946284075537099 1.9306294784325544 1.0749776270242386 -1.3847656600268996 0.4890086493741835 -0.2630414299057195 1.1518982446057984 0.3648546103915147 -1.0409895346531954
-1.0260332869590345 -0.7956422161835767 0.5975866321192046 -0.1486242012397487 0.2989983831242116 -0.6491243143086284 -0.2803774481314601 0.7102639165028465 -0.9827420199983568 -0.9118964043484592 2.160986149218316 -0.5391087914310454 -1.247981627662587
-0.7789802939543575 -1.01108137112661 0.7072468594565444 -0.4188806942999949 -0.1222816606444665 0.2001114062831895 0.6231926019723388 0.0656394314167706 0.8569463167173185 -0.1981559324614458 1.0202780831346003 -0.440237794356703 -0.219390150092841
-0.7789802939543575 -1.046987896950449 -1.6321713237400184 0.0315467941337494 -1.5265484732067272 -0.2966113736856097 -0.0293857675470714 -0.7401411749408239 -0.9652211786963026 -0.1635503338244996 0.7131643730351391 1.226444727753642 -0.7543850981786533
0.4192267221183298 -1.2534504204375223 -0.0238213227923819 -0.7491941858180745 0.7202784268928898 0.3763678765946986 -0.7321624731833596 1.5160445228604411 -2.051513339423654 -0.8167310080968574 0.2744305014644788 -0.9628416360353704 0.0098933990867927
-0.9766226883580976 -1.0290346340385297 -2.253579278651605 -0.8092511842759069 3.599025392645524 -0.713217576240086 -0.7522418076301107 -1.787655963205697 1.5928216514035884 -0.9551534026446418 1.415138567548195 0.6473431734610643 -0.0920104005486
-0.8778014911562286 -0.6520161128882209 -0.5721224594790759 0.271774787965079 0.2287850424960986 -1.9149662374549223 -1.0132731554378749 0.0656394314167706 -0.2293458440100327 -0.8686394060522766 -0.2257261121260734 -1.1182103457236228 0.3920326477195158
1.061564503930491 -0.7417824274478182 1.109334359693453 1.653085752495229 -0.9648417481818228 1.0493471268750076 0.8340256136632253 -1.223609538755381 0.4890086493741835 -0.7258913116748739 1.766125664804723 0.7744630268423622 -1.0728344720392555
-0.0131160156398556 -0.5981563241524628 0.8534604959063297 3.1545107139410438 2.756465305108168 1.6101631687752642 0.8641446153333521 -1.223609538755381 0.6466962210926697 -0.7388684111637286 1.5467587290193927 1.254693584060597 0.7582494276592087
-1.2854389296139446 -1.1188009485981265 -0.2431417774670599 0.4519457833385771 0.0883583612398725 1.73834969263818 0.1111695735801862 -1.8682340238414563 0.103550140728994 -0.7994282087783843 0.1428103399932807 0.7320897423819294 0.4429845475372121
-1.656018419120962 -0.4096470635773085 -1.6321713237400184 -1.0494791781072377 -0.1924950012725795 -1.0977771478288336 -0.4610914581522198 -0.1760947504905075 -0.7724919243737084 -0.5442119188309068 1.1957716317628646 -0.6662286448123427 -1.0155135847443473
0.0362945829610788 -1.2893569462613614 -2.3997929151013904 -1.0494791781072377 -0.9648417481818228 -0.5529844214114413 0.0007332341230549 -0.9818753568481025 -0.2293458440100327 -0.1981559324614458 1.0202780831346003 -0.1859980875941078 -1.1301553593341642
-1.4336707254167524 0.4969927134746236 -0.4990156412541833 -0.4489091935289116 0.8607051081491158 -0.9215206775173244 -0.7120831387366084 0.5491077952313275 -1.1229087504147892 -1.0416673992370071 0.0111901785220826 -0.1295003749801978 -0.7862300355647135
-0.828390892555292 -1.2085672631577238 -1.5225110964026791 -1.4098211688542328 2.5458252832238286 -0.6331009988257639 -0.1799807758977046 -0.0955166898547484 2.048363525256993 -0.7172399120156373 0.4499240500927429 -0.4261133662032252 0.0098933990867927
-0.3713428554966393 1.3767025961586763 0.1223923136574033 1.052515767916903 0.0883583612398725 0.8570673410806336 0.5227959297385832 0.5491077952313275 0.6291753797906157 -1.0762729978739531 1.0202780831346003 0.7320897423819294 -0.9040563038931364
-1.2360283310130102 -1.271403683349442 -1.339744050840448 -0.1486242012397487 -0.9648417481818228 0.2001114062831895 0.2316455802606924 -0.4984069930335457 -0.2819083679161949 -1.106552896681281 1.853872439118854 0.7179653142284521 -1.493187645535251
-0.3466375561961699 -0.4724834837690265 -0.6086758685915215 -0.2086811996975811 -0.9648417481818228 -0.1524015343398288 0.5027165952918322 -0.8207192355765833 0.3138002363536428 -0.5009549205347241 0.8886579216634023 0.7462141705354072 -0.1047483755030241
-1.1372071338111391 -1.0828944227742878 0.524479813894312 1.352800760206066 -1.5265484732067272 -0.4728678439971188 -0.4510517909288443 0.3073736133240493 -0.3344708918223571 -1.236323891569829 1.5467587290193927 0.1529881880893523 -0.3722458495459302
-1.4336707254167524 -1.298333577717321 0.780353677681437 -0.4489091935289116 -0.4031350231569187 -0.1524015343398288 0.1814472441438149 -1.1430314781196214 1.3300090318727775 -0.8686394060522766 -0.7346574031480388 0.6614676016145421 -0.722540160792593
-0.4084008044473402 -1.2175438946136836 -0.4624622321417361 -0.4489091935289116 -0.0520683200163535 -0.1524015343398288 -0.0896237708873248 -0.4984069930335457 -0.2293458440100327 -1.054644498725862 1.1957716317628646 0.7744630268423622 -0.9454547224950148
-1.0383859366092678 -0.6520161128882209 -0.2065883683546127 0.9924587694590706 -0.6839883856693708 -0.8253807846201375 -0.3406154514717134 0.5491077952313275 -0.0541374309894921 -1.1281813958293725 1.6345055033335247 -0.4967355069706131 -0.8021525042577436
-1.6683710687711957 -0.5981563241524628 0.9265673141312224 1.953370744784392 -0.8244150669255969 -0.6010543678600349 -0.4209327892587176 0.3073736133240493 -0.4395959396346811 -1.0632958983850984 1.766125664804723 0.8450851676097495 -0.5887914237711399
-1.6807237184214292 -0.2480676973700334 0.3417127683320812 0.6321167787120754 -1.105268429438049 -0.5529844214114413 -0.3406154514717134 0.9519980984101246 -0.4220750983326271 -0.9767819017927332 0.1866837271503467 0.1953614725497846 -0.2130211626156289
-1.1372071338111391 -0.9033617936550932 -0.2431417774670599 1.2326867632904013 -2.0882551982316317 -0.1524015343398288 -0.4410121237054688 0.4685297345955679 -0.3695125744264652 -1.4353060837322689 0.493797437249809 0.8450851676097495 -0.3881683182389603
-1.1372071338111391 -0.454530220857107 -0.1700349592421672 -0.2987666973843301 -1.315908451322388 -1.1138004633116982 -0.5313691287158487 1.2743103409531629 0.08602929942694 -1.1498098949774638 0.5376708244068751 -0.4826110788171353 -0.849919910336834
-1.2360283310130102 -0.7417824274478182 0.1954991318822959 0.7522307756277401 -0.9648417481818228 -1.3541501955546658 -0.7823608093002373 1.1131542196816435 0.0685084581248859 -0.6307259154232719 0.4060506629356769 0.0541171910150094 -0.9454547224950148
-0.3836955051468729 -0.7238291645358987 -0.3893554139168451 0.361860285651828 -1.3861217919505011 -1.4663134039347172 -0.5715277976093509 1.7577787047677191 0.0509876168228322 -0.8686394060522766 0.0111901785220826 -0.7792240700401627 -0.8021525042577436
-0.8778014911562286 0.4431329247388653 -0.5355690503666288 -0.4489091935289116 -0.8244150669255969 0.2481813527317833 0.2216059130373171 -0.9012972962123428 0.6992587449988319 -1.2579523907179202 0.8447845345063363 0.9722050209910468 -1.4549737206719788
-1.7054290177218987 -0.3109041175617515 -0.3162485956919525 -0.4489091935289116 -0.1222816606444665 1.1615103352550589 0.2316455802606924 -1.5459217812984185 -0.4220750983326271 -0.7821254094599113 0.8886579216634023 0.491974463772812 -1.2798265650486471
-0.6554537974520169 -0.7328057959918585 -0.6086758685915215 -0.1486242012397487 4.371372139554768 0.3282979301461055 0.2416852474840682 -0.3372508717620266 2.959447272963804 -1.0632958983850984 0.8886579216634023 0.0258683347080544 0.6053937282061195
-1.4707286743674532 -0.194207908634275 1.3652082234805782 0.6020882794831586 2.4053986019676024 -1.1138004633116982 -1.0433921571080016 -1.787655963205697 -0.0541374309894921 -1.106552896681281 -0.0326832086349833 -0.4967355069706131 -0.3881683182389603
-0.8778014911562286 -0.8315487420074156 -1.4128508690653403 -1.0494791781072377 -1.035055088809936 0.4084145075604276 0.4725975936217057 -0.5789850536693052 0.3138002363536428 -0.9335249034965504 1.1957716317628646 0.1812370443963074 -1.0155135847443473
-0.7789802939543575 -1.136754211510046 -0.9742099597159848 -0.2987666973843301 -0.8244150669255969 1.9626761093982832 1.7275559965436489 -0.9818753568481025 0.6291753797906157 -0.2414129307576283 0.3621772757786109 0.2236103288567396 -0.2767110373877495
-0.8778014911562286 0.7483383942414957 -0.5721224594790759 -0.4489091935289116 -0.8244150669255969 0.8891139720463627 0.9645412875671076 0.7102639165028465 2.135967731767264 -1.1930668932736463 2.029365987747118 0.3083568977776046 -1.0855724469936798
-1.1372071338111391 -0.2301144344581139 -2.436346324213837 -0.5990516896734931 -0.1924950012725795 -0.1043315878912356 0.1412885752503127 -0.8207192355765833 -0.3344708918223571 -0.76049691031182 1.3712651803911289 0.491974463772812 -0.1174863504574482
-0.4948693519989777 -0.8943851621991334 -1.705278141964911 -0.2987666973843301 -0.8244150669255969 -1.3541501955546658 -0.6719244698431063 -0.5789850536693052 -0.4220750983326271 -1.1281813958293725 0.3621772757786109 0.2236103288567396 -0.5887914237711399
-0.8160382429050584 0.1020209294123958 0.3417127683320812 0.4519457833385771 -0.1222816606444665 0.4244378230432925 0.0810505719100593 -0.1760947504905075 -0.4921584635408433 -0.9767819017927332 -0.6907840159909728 1.085200446218867 -0.9836686473582872
-0.6060431988510825 -0.5442965354167043 -1.4128508690653403 0.3018032871939957 -1.035055088809936 -0.1524015343398288 -0.1097031053340759 -0.3372508717620266 -0.1943041614059246 -0.9162221041780776 0.3621772757786109 1.3535645811349393 -0.2384971125244772
-0.7172170457031872 0.1917872439719928 -0.352802004804398 0.7522307756277401 -0.6839883856693708 -0.9856139394487824 -0.1900204431210801 2.4024031898537954 -0.299429209218249 -1.0200389000889156 -0.4275436930485771 0.9722050209910468 -1.375361377206828
-0.964270038707864 -0.939268319478932 -1.5590645055151258 -0.1486242012397487 -0.5435617044131448 0.1039715133860025 0.0107729013464307 0.2267955526882897 0.8569463167173185 -1.0200389000889156 -0.4275436930485771 0.576721032693677 -1.3849148584226465
-1.7177816673721322 -0.8854085307431737 1.2189945870307928 0.1516607910494142 -0.4031350231569187 0.7128575017348535 0.8942636170034786 -0.5789850536693052 1.5753008101015349 -1.0416673992370071 0.0111901785220826 0.9157073083771368 -0.2130211626156289
-1.903071412125639 1.2600063872312002 -1.9977054148644808 0.0015182949048327 0.5096384050085507 1.4178833829808908 0.5529149314087102 -0.9818753568481025 3.485072512025426 -0.9335249034965504 -0.910150951776303 0.2801080414706496 -0.5887914237711399
-0.5936905492008488 0.0840676665004764 -0.7183360959288612 0.4519457833385771 -0.8244150669255969 0.4084145075604276 0.2416852474840682 -0.8207192355765833 -0.6498460352593299 -1.3228378881621945 -0.252050144420313 0.2377347570102168 -1.343516439820768
-1.5324919226186235 0.3084834528994695 2.02316958750461 0.1516607910494142 0.2287850424960986 -0.873450731068731 0.0007332341230549 1.9189348260392385 -0.9477003373942486 -0.5442119188309068 1.1957716317628646 -0.1577492312871528 -0.4454892055338688
-1.964834660376809 -1.4329830495567168 0.4879264047818665 0.4519457833385771 -0.8244150669255969 0.2962512991803765 -0.0193461003236961 0.4685297345955679 -0.2643875266141409 -0.8556623065634217 0.6254175987210071 -0.4261133662032252 -0.9964066223127112
-1.1372071338111391 -0.849502004919335 0.4879264047818665 0.9023732717723216 -1.105268429438049 0.4244378230432925 0.2617645819308193 0.5491077952313275 -0.9652211786963026 -0.9335249034965504 -0.1204299829491149 0.8168363113027944 -1.1524468155044063
-2.4342353470856977 -0.7417824274478182 -0.6086758685915215 0.6020882794831586 -1.035055088809936 0.2642046682146475 0.1412885752503127 1.2743103409531629 0.7343004276029396 -1.3660948864583768 3.301694215302032 0.3648546103915147 -1.0823879532550738
-0.7172170457031872 -0.6520161128882209 -0.6452292777039685 0.9023732717723216 0.5798517456366638 -0.4728678439971188 0.0609712374633082 -0.1760947504905075 0.0334667755207782 -1.2968836891844846 0.4499240500927429 0.491974463772812 -1.2798265650486471
-0.2848743079450018 0.9817308120964487 -1.4128508690653403 -1.0494791781072377 -1.3861217919505011 -1.065730516863105 -0.7823608093002373 0.5491077952313275 -1.333158846039438 -0.7172399120156373 -1.1295178875616332 -0.6944775011192976 -1.1938452341062846
-1.2360283310130102 0.9817308120964487 -1.339744050840448 -0.1486242012397487 -0.8946284075537099 -0.4728678439971188 -0.3908137875885912 0.0656394314167706 0.4890086493741835 -1.634288275894709 -0.1204299829491149 0.6190943171541092 -0.5824224362939279
-1.9154240617758749 0.057137772132597 0.1954991318822959 0.1516607910494142 -0.2627083419006926 0.9692305494606848 0.7637479430995966 -0.3372508717620266 0.4189252841659672 -0.7821254094599113 -0.6907840159909728 1.0993248743723447 -0.3881683182389603
-1.7795449156233003 -0.2570443288259934 3.1563252699904454 2.7040832255072997 1.3521984925459072 1.4178833829808908 3.0628317372525964 0.8714200377743652 0.4890086493741835 0.4074420436851112 -0.1204299829491149 1.5230577189766694 -0.8976873164159244
-0.7172170457031872 1.8793939576924208 1.328654814368131 2.103513240928973 0.1585717018679855 -0.1524015343398288 0.1011299063568104 0.5491077952313275 0.2086751885413184 -1.288232289525248 -0.1643033701061809 0.7179653142284521 -1.216136690276527
0.0609998822615482 3.109192467158903 -0.8645497323786465 0.6020882794831586 -0.9648417481818228 0.5205777159404795 0.6231926019723388 -0.4984069930335457 0.7343004276029396 -1.0632958983850984 -0.997897726090435 0.6897164579214972 -1.1683692841974365
-1.3966127764660516 1.7716743802209038 0.0858389045449578 0.4519457833385771 -1.245695110694275 0.9051372875292268 1.0046999564606094 -1.223609538755381 2.3111761447878045 -0.9767819017927332 -0.910150951776303 1.4524355782092822 -1.1683692841974365
-1.1495597834613729 -0.1583013828104361 -0.7183360959288612 0.4519457833385771 -1.035055088809936 0.4885310849747505 0.6231926019723388 0.0656394314167706 -0.4220750983326271 -0.9940847011112064 -0.4275436930485771 0.9439561646840916 -1.1747382716746486
-0.7048643960529536 -0.7238291645358987 -0.2796951865795054 0.6020882794831586 -0.9648417481818228 0.7128575017348535 1.125175963141116 0.2267955526882897 0.3138002363536428 -0.483652121216251 -1.1733912747186992 0.3224813259310818 -1.2575351088784053
-0.7789802939543575 -0.6340628499763017 -0.2431417774670599 1.5029432563506473 -0.8244150669255969 -0.1203549033740998 0.4223992575048282 0.3073736133240493 0.5415711732803453 -1.270929490206775 -0.295923531577379 0.2377347570102168 -1.2893800462644651
-1.1866177324120757 1.7626977487649442 0.0492854954325106 0.7522307756277401 -1.3861217919505011 -0.3126346891684738 -0.2803774481314601 0.4685297345955679 -0.4220750983326271 -1.0632958983850984 -0.7346574031480388 -0.0588782342128106 -0.5314705364762314
-0.173700461092897 -0.8854085307431737 -0.1700349592421672 -0.4489091935289116 1.562838514430246 -1.2580103026574787 -0.7823608093002373 -1.223609538755381 -1.1404295917168432 -0.414440923942359 -0.866277564619237 -1.8668050378579304 -0.3722458495459302
-0.1489951617924276 0.586759028034221 0.1223923136574033 0.1516607910494142 0.2989983831242116 -1.5944999277976328 -0.812479810970364 -0.9818753568481025 -1.333158846039438 0.1479000539080155 -0.954024338933369 -1.6831874718627229 -0.6906952234065328
-0.2354637093440651 -0.0236519109710403 0.1223923136574033 1.352800760206066 -0.1222816606444665 -1.8348496600406003 -0.942995484874246 -0.7401411749408239 -1.333158846039438 0.2776710487965634 -1.3050114361898968 -1.7679340407835875 -0.595160411248352
-0.6060431988510825 -0.9841514767587308 -0.4259088230292907 -0.5990516896734931 -1.035055088809936 -0.4728678439971188 -1.4550185132663989 1.9189348260392385 -0.5972835113531677 0.1695285530561068 -0.910150951776303 -1.5560676184814253 -0.3085559747738097
-0.4948693519989777 0.1109975608683554 -0.6086758685915215 -0.2987666973843301 -0.4031350231569187 -1.0817538323459692 -1.3747011754793943 2.1606690079465167 -1.1404295917168432 0.8832690249431201 -0.997897726090435 -1.4571966214070826 -0.1652537565365386
-0.9272120897571632 2.1397162699152528 0.6341400412316518 0.4519457833385771 -0.7542017262974838 -1.4663134039347172 -1.56545485272353 1.3548884015889224 -1.3857213699456 -0.5225834196828154 -0.910150951776303 -1.895053894164885 -0.0856414130713879
-0.5813378995506152 2.848870154936071 0.9996741323561148 1.653085752495229 -0.2627083419006926 -0.809357469137273 -1.4349391788196475 2.1606690079465167 -0.8600961308839783 -0.0251279392767151 -0.6030372416768413 -1.3018279117188305 -0.7384626294856231
0.6045164668718385 1.125356915391804 -0.6452292777039685 0.0015182949048327 -0.8244150669255969 -1.0817538323459692 -1.5554151855001543 1.7577787047677191 -1.2455546395291677 0.2776710487965634 -0.6469106288339068 -1.1182103457236228 -0.5314705364762314
-0.1984057603933643 0.5598291336663416 0.8900139050187752 1.352800760206066 0.0883583612398725 0.0398782514545444 -1.4349391788196475 1.3548884015889224 -1.3682005286435457 -0.0597335379136612 -0.295923531577379 -0.6521042166588654 -0.4996255990901712
-0.0872319135412595 0.4251796618269458 1.2189945870307928 0.4519457833385771 -0.2627083419006926 -1.209940356208885 -1.5353358510534032 1.3548884015889224 -1.47332557645587 -0.1981559324614458 -0.822404177462171 -0.4261133662032252 -0.467780661704111
0.443932021418797 0.2007638754279527 -0.0603747319048274 0.1516607910494142 -0.7542017262974838 -1.4342667729689882 -1.5353358510534032 0.0656394314167706 -1.6660548307784646 0.2344140505003805 -1.1295178875616332 -0.200122515747585 0.1054282112449735
0.6415744158225393 0.7483383942414957 1.2921014052556856 1.2026582640614845 -0.1924950012725795 -1.193917040726021 -1.515256516606652 1.1131542196816435 -1.823742402496951 -0.3062984282019024 -0.295923531577379 -0.7792240700401627 -0.722540160792593
0.7651009123248776 2.3461787934023266 -0.0603747319048274 0.1516607910494142 -0.5435617044131448 -0.4728678439971188 -1.2341458343521368 0.8714200377743652 -1.0002628613004108 -0.2846699290538108 -0.208176757263247 -0.7933484981936405 -0.6270053486344123
-0.9272120897571632 1.385679227614636 -0.6086758685915215 -0.2987666973843301 0.8607051081491158 -1.4663134039347172 -1.254225168798888 -0.5789850536693052 -0.7900127656757624 1.363421706030748 -1.3488848233469628 -0.8639706389610278 0.3442652416404254
0.1968790284141202 1.1074036524798845 -0.7914429141537539 0.4519457833385771 0.1585717018679855 -1.274033618140343 -1.4851375149365251 0.5491077952313275 -0.5096793048428974 -0.4576979222385415 -1.5682517591322929 -1.315952339872308 0.2646528981752747
1.0862698032309606 2.426968476505964 -0.4990156412541833 0.1516607910494142 -1.3861217919505011 -2.1072460232492967 -1.695970526627412 0.3073736133240493 -1.5959714655702484 -0.0683849375728976 -1.6559985334464251 -1.81030732524402 -1.0569120033462256
-0.1613478114426634 2.040973323899696 0.4148195865569739 0.6020882794831586 -0.9648417481818228 -0.9535673084830536 -1.38474084270277 0.8714200377743652 -1.2805963221332757 1.121182515572125 -1.8314920820746887 -1.0617126331097126 -0.3881683182389603
0.0980578312122491 1.4036324905265556 -0.0238213227923819 0.6020882794831586 0.930918448777229 -1.4182434574861236 -0.6418054681729798 -0.1760947504905075 -0.7900127656757624 1.878179985755321 -1.6998719206034911 -1.81030732524402 -0.6270053486344123
0.6168691165220721 0.7034552369616972 0.9265673141312224 1.352800760206066 1.6330518550583593 -1.4342667729689882 -0.4610914581522198 -1.1430314781196214 -0.5972835113531677 1.5321239993858595 -1.612125146289359 -1.8526806097044528 -0.7862300355647135
-0.2601690086445345 0.2995068214435095 0.4148195865569739 0.7522307756277401 0.8607051081491158 -1.306080249106072 -0.6719244698431063 -0.9818753568481025 -0.5797626700511136 2.483777961901878 -2.094732405017085 -1.6125653310953352 -0.849919910336834
0.1351157801629499 -0.3916938006653891 1.4017616325930236 1.8032282486398103 1.141558470661568 -0.1524015343398288 -0.7522418076301107 -0.8207192355765833 -0.0541374309894921 0.8832690249431201 -1.5243783719752269 -1.81030732524402 -1.0250670659601653
0.2833475759657577 0.8650346031689721 -0.3162485956919525 -0.2987666973843301 -0.1222816606444665 -0.7933341536544085 -1.20402683268201 1.9995128866749976 0.4890086493741835 2.3626583666725662 -1.7437453077605567 -1.5560676184814253 -0.2289436313086591
-0.519574651299445 -0.939268319478932 -0.9742099597159848 0.1516607910494142 0.2287850424960986 -1.306080249106072 -1.4550185132663989 1.3548884015889224 -0.3344708918223571 1.0995540164240332 -1.6559985334464251 -1.4995699058675152 -0.34040091215987
0.2092316780643538 2.56161794834536 -0.1700349592421672 0.7522307756277401 -0.4733483637850317 -0.8894740465515955 -1.4048201771495212 1.9995128866749976 -0.0716582722915461 1.2293250113125815 -1.5682517591322929 -1.5984409029418578 -0.0697189443783578
1.0368592046300238 1.6011183825576696 0.0492854954325106 0.0015182949048327 -0.7542017262974838 -0.7933341536544085 -1.20402683268201 0.9519980984101246 -0.0541374309894921 1.7094776924002084 -1.6998719206034911 -1.3724500524862178 -0.849919910336834
-0.6801590967524864 0.6226655538580594 0.9996741323561148 2.253655737073555 -0.1924950012725795 -0.6331009988257639 -1.4550185132663989 2.1606690079465167 -0.7900127656757624 1.0562970181278508 -1.2611380490328308 -1.2453301991049202 0.423877585105576
1.654491687141718 -0.589179692696503 1.2189945870307928 1.653085752495229 -0.1222816606444665 0.8089973946320398 -0.722122805959984 1.3548884015889224 1.9432384774446696 3.435431924417896 -1.6998719206034911 -0.9204683515749378 -0.2767110373877495
0.5921638172216048 -0.5981563241524628 0.9996741323561148 0.9023732717723216 -0.7542017262974838 0.4885310849747505 -0.9329558176508704 1.2743103409531629 1.2248839840604535 2.8947194457156127 -1.6998719206034911 -1.174708058337533 -0.4040907869319904
0.8515694598765152 0.829128077345133 0.6341400412316518 0.1516607910494142 0.5096384050085507 -0.745264207205815 -1.4750978477131498 1.1131542196816435 -1.3857213699456 0.355533645729692 0.0111901785220826 -1.1182103457236228 -0.2130211626156289
-0.1860531107431307 0.838104708801093 0.780353677681437 0.7522307756277401 0.4394250643804377 -1.033683885897376 -1.4349391788196475 1.9189348260392385 -1.1053879091127352 0.2257626508411442 -0.3836703058915111 -0.7086019292727754 -0.5633154738622917
-0.0501739645905565 0.9996840750083682 -0.0603747319048274 -0.2987666973843301 0.4394250643804377 -1.4502900884518526 -1.3345425065858922 0.3073736133240493 -1.1404295917168432 0.0959916559525963 -1.2172646618757648 -1.2170813427979652 -0.2289436313086591
0.96274330672862 0.3802965045471469 -0.2431417774670599 0.7522307756277401 -0.6839883856693708 -1.5143833503833104 -1.3546218410326432 0.3879516739598083 -0.9827420199983568 1.956042582688449 -1.1295178875616332 -1.315952339872308 -0.4200132556250206
0.900980058477452 1.816557537500703 -0.3893554139168451 0.9023732717723216 -0.8244150669255969 -1.6265465587633618 -1.56545485272353 1.2743103409531629 -0.7724919243737084 0.6756354331214436 -0.7785307903051049 -1.2170813427979652 -0.722540160792593
0.5551058682709018 1.2240998614073613 0.8534604959063297 1.052515767916903 0.7904917675210028 -0.9535673084830536 -1.1136698276716304 0.5491077952313275 -0.2293458440100327 2.4318695639464587 -0.4714170802056431 -1.4854454777140376 -0.1652537565365386
0.7156903137239432 0.2187171383398722 1.1824411779183457 1.5029432563506473 0.3692117237523246 -1.193917040726021 -1.1939871654586347 0.2267955526882897 -0.0891791135936002 1.5580781983635694 -0.954024338933369 -1.1464592020305775 0.0098933990867927
0.4933426200197336 2.031996692443736 1.8038491328299324 1.653085752495229 0.8607051081491158 -0.5049144749628478 -1.073511158778128 -0.7401411749408239 -0.8425752895819242 1.4888670010896772 -1.2611380490328308 -0.976966064188848 -0.3722458495459302
-0.9889753380083336 0.6226655538580594 -0.1700349592421672 -0.1486242012397487 -0.2627083419006926 -1.6746165052119553 -1.5453755182767788 0.3073736133240493 -1.508367259059978 0.191157052204198 -1.3050114361898968 -1.1040859175701452 -0.7543850981786533
-0.2848743079450018 0.0481611406766374 -0.3162485956919525 0.0015182949048327 -0.9648417481818228 -1.4502900884518526 -1.5252961838300276 0.9519980984101246 -1.6660548307784646 2.09446454466625 -1.6998719206034911 -1.3865744806396954 -0.8817648477228942
1.4321439934375084 0.1558807181481538 0.4148195865569739 0.1516607910494142 -0.6137750450412578 -0.9856139394487824 -1.3345425065858922 0.6296858558670869 -0.6148043526552218 2.0079509806438685 -1.4805049848181608 -1.273579055411875 -0.2767110373877495
0.8762747591769846 2.9745429953195077 0.3051593592196357 0.3018032871939957 -0.3329216825288056 -0.9856139394487824 -1.4248995115962724 1.2743103409531629 -0.9301794960921944 1.1428110147202162 -1.3927582105040288 -1.2312057709514428 -0.0219515382992674
0.3327581745666922 1.7447444858530252 -0.3893554139168451 0.1516607910494142 1.42241183317402 -1.1298237787945626 -1.3445821738092678 0.5491077952313275 -0.4220750983326271 2.2242359721247817 -1.612125146289359 -1.4854454777140376 0.2805753668683048
0.2092316780643538 0.2276937697958317 0.0127320863200651 0.1516607910494142 1.42241183317402 -1.033683885897376 -1.3546218410326432 1.3548884015889224 -0.2293458440100327 1.8349229874591384 -1.5682517591322929 -1.4006989087931725 0.296497835561335
1.3950860444868076 1.5831651196457497 1.3652082234805782 1.5029432563506473 -0.2627083419006926 -0.3927512665827967 -1.274304503245639 1.596622583496201 -0.4220750983326271 1.7916659891629554 -1.5243783719752269 -1.4289477651001277 -0.595160411248352
0.0857051815620155 -0.7507590589037779 -0.9742099597159848 -1.1996216742518189 -0.1222816606444665 0.1680647753174605 0.6131529347489635 -0.6595631143050643 -0.3870334157285189 -0.5874689171270893 0.9764046959775344 0.1106149036289195 0.8697067085104195
1.5062598913389122 1.4844221736301932 0.524479813894312 -1.8902771565168937 1.9841185581989245 1.12946370428933 1.0147396236839852 -1.30418759939114 0.8569463167173185 0.0181290590194673 -0.295923531577379 1.2970668685210291 0.041738336472853
0.6909850144234759 -0.5622497983286238 -0.2065883683546127 -0.9894221796494052 1.211771811289681 1.369813436532297 1.2657313042683738 -0.1760947504905075 1.3124881905707233 0.4636761414701486 -0.0326832086349833 1.085200446218867 0.1531956173240639
1.1603857011323622 -0.5442965354167043 -0.352802004804398 -0.6290801889024098 0.5798517456366638 0.937183918494956 1.5167229848527624 -0.3372508717620266 0.8569463167173185 1.661894994274408 0.7131643730351391 0.6897164579214972 1.6339852057758657
0.9133327081276856 -0.5981563241524628 -0.4259088230292907 -0.9293651811915729 1.281985151917794 0.4885310849747505 0.8741842825567274 -1.223609538755381 0.0509876168228322 0.3425565462408371 -0.1643033701061809 0.8309607394562722 0.9970864580546606
0.1351157801629499 -1.1906140002458043 -2.436346324213837 -1.3497641703964005 -1.5265484732067272 1.0974170733236008 1.155294964811243 -0.8207192355765833 1.2073631427583988 0.1046430556118327 0.7131643730351391 0.8027118831493172 -0.7798610480875015
0.6045164668718385 -0.6071329556084225 -0.4624622321417361 1.352800760206066 -0.8946284075537099 -0.6651476297914929 -0.1900204431210801 -0.7401411749408239 -0.9827420199983568 -0.5701661178086163 0.0989369528362147 0.2377347570102168 -0.8753958602456822
0.0609998822615482 1.3677259647027165 -0.1700349592421672 0.9023732717723216 -1.035055088809936 -1.033683885897376 -0.4410121237054688 1.9995128866749976 0.0509876168228322 -0.1116419358690804 -0.5152904673627092 -0.8498462108075506 -0.7384626294856231
-1.4583760247172195 -0.553273166872664 -1.7783849601898036 0.0015182949048327 -0.9648417481818228 0.3282979301461055 -0.3908137875885912 0.0656394314167706 -0.299429209218249 -1.2968836891844846 -0.0765565957920494 -0.2424958002080179 -1.0569120033462256
-0.9272120897571632 -0.5442965354167043 -0.901103141491092 -0.1486242012397487 -1.3861217919505011 -1.033683885897376 0.0007332341230549 0.0656394314167706 0.0685084581248859 -0.7172399120156373 0.1866837271503467 0.7885874549958394 -0.7543850981786533
-0.3466375561961699 -0.5263432725047849 -0.3162485956919525 0.9023732717723216 -1.105268429438049 -1.4663134039347172 -0.2703377809080846 0.9519980984101246 0.0685084581248859 -0.76049691031182 -0.3397969187344451 -0.270744656514973 -0.8244439604279857
-1.4583760247172195 -0.7776889532716572 -1.376297459952894 0.3918887848807448 -0.9648417481818228 -0.5049144749628478 -0.4309724564820932 -0.4984069930335457 -0.1066999548956543 -1.3444663873102856 -0.0326832086349833 1.0145783054514796 -0.8021525042577436
-1.4954339736679227 -0.1852312771783155 1.5114218599303617 2.7040832255072997 -0.5435617044131448 -0.2645647427198807 0.2115662458139418 1.7577787047677191 0.2962793950515888 -0.8902679052003678 0.0550635656791486 -0.2424958002080179 -0.8945028226773183
-0.3713428554966393 1.089450389567965 -0.0238213227923819 0.6020882794831586 0.4394250643804377 -0.9535673084830536 -0.8325591454171151 -1.5459217812984185 -1.3156380047373837 -0.0251279392767151 -0.7785307903051049 -1.8668050378579304 -0.467780661704111
0.3945214228178625 0.811174814433214 0.0492854954325106 0.6020882794831586 -0.5435617044131448 -0.5850310523771703 -1.274304503245639 0.7102639165028465 -0.5972835113531677 1.454261402452731 -1.7876186949176227 -1.4006989087931725 -0.3085559747738097
-0.7913329436045912 1.3407960703348376 0.0492854954325106 0.4519457833385771 -0.8244150669255969 0.0078316204888154 -1.1136698276716304 1.1131542196816435 -0.9652211786963026 1.121182515572125 -1.7437453077605567 -1.4571966214070826 -0.722540160792593
-0.2231110596938315 0.9278710233606904 -0.2431417774670599 0.0015182949048327 -0.8244150669255969 -1.306080249106072 -1.3747011754793943 0.3073736133240493 -1.0878670678106812 2.250190171102492 -1.0417711132475012 -1.2170813427979652 -0.1970986939225988
0.4933426200197336 1.4126091219825154 0.4148195865569739 1.052515767916903 0.1585717018679855 -0.7933341536544085 -1.2843441704690146 0.5491077952313275 -0.316950050520303 0.9697830215354856 -1.1295178875616332 -1.4854454777140376 0.0098933990867927
